0.01     0.2513663726     24.5412238     0.9809348198     1.017130132     5     -0.03623432982
0.0105     0.252640379     23.90452245     0.9801880828     1.017729982     5     -0.03758544409
0.011     0.2536848422     23.31106796     0.9794546305     1.018309892     5     -0.03890364631
0.0115     0.2545218531     22.75619068     0.9787337842     0.9787027482     0.9787711782     -0.04019013764
0.012     0.2551766535     22.24010225     0.978024596     0.9779949634     0.9780629379     -0.04144633013
0.0125     0.2556502339     21.74631376     0.9773273253     0.9772980645     0.9773654078     -0.04267258262
0.013     0.2559750511     21.28483594     0.9766404823     0.9766130375     0.9766800545     -0.0438707335
0.0135     0.2561598047     20.84867372     0.9759637823     0.9759371257     0.9760036393     -0.0450415709
0.014     0.2562173534     20.43564544     0.9752966669     0.9752710086     0.9753370823     -0.04618609971
0.0145     0.2561593324     20.04364527     0.9746385987     0.9746139029     0.9746795515     -0.04730528984
0.015     0.2559962922     19.67093378     0.9739890602     0.9739652927     0.9740305305     -0.04840007744
0.0155     0.2557378194     19.31594205     0.9733475532     0.973324681     0.9733895218     -0.04947136623
0.016     0.25539264     18.97735974     0.9727135975     0.9726915888     0.9727560462     -0.05052002864
0.0165     0.2549687104     18.65374595     0.9720867304     0.9720655547     0.9721296418     -0.05154690705
0.017     0.2544732957     18.34420122     0.9714665061     0.971446134     0.9715098634     -0.05255281483
0.0175     0.2539130394     18.04754446     0.9708524944     0.9708328979     0.9708962818     -0.05353853747
0.018     0.2532940245     17.76289876     0.9702442807     0.9702254324     0.9702884828     -0.05450483363
0.0185     0.252621827     17.48960236     0.9696414646     0.9696233386     0.9696860669     -0.05545243611
0.019     0.2519015637     17.22670306     0.9690436599     0.9690262311     0.9690886485     -0.05638205281
0.0195     0.2511379351     16.97359555     0.9684504936     0.9684337378     0.9684958552     -0.05729436774
0.02     0.2503352627     16.72969473     0.9678616053     0.9678454994     0.9679073272     -0.0581900418
0.0205     0.2494975232     16.49437005     0.967276647     0.9672611687     0.967322717     -0.05906971375
0.021     0.2486283787     16.26713596     0.9666952822     0.96668041     0.9667416887     -0.05993400096
0.0215     0.2477312041     16.04756007     0.9661171855     0.9661028988     0.9661639174     -0.06078350029
0.022     0.2468091112     15.83520091     0.9655420423     0.9655283212     0.9655890889     -0.06161878877
0.0225     0.2458649713     15.62957923     0.9649695478     0.9649563733     0.965016899     -0.06244042443
0.023     0.2449014349     15.43036881     0.9643994072     0.964386761     0.9644470533     -0.06324894697
0.0235     0.2439209499     15.2372191     0.963831335     0.9638191995     0.9638792667     -0.06404487844
0.024     0.242925778     15.04975901     0.9632650545     0.9632534126     0.9633132629     -0.06482872393
0.0245     0.2419180097     14.86782613     0.9627002974     0.9626891328     0.962748774     -0.0656009722
0.025     0.2408995776     14.69108266     0.9621368035     0.9621261006     0.9621855402     -0.06636209629
0.0255     0.2398722692     14.5192071     0.9615743206     0.9615640643     0.9616233097     -0.0671125541
0.026     0.2388377376     14.35198569     0.9610126037     0.9610027794     0.9610618377     -0.067852789
0.0265     0.2377975125     14.18935039     0.9604514148     0.9604420086     0.9605008867     -0.06858323031
0.027     0.2367530091     14.03090224     0.9598905228     0.9598815213     0.9599402259     -0.06930429392
0.0275     0.2357055369     13.87649396     0.959329703     0.9593210932     0.9593796308     -0.07001638269
0.028     0.2346563078     13.72596735     0.9587687368     0.9587605064     0.9588188832     -0.07071988705
0.0285     0.2336064431     13.57915428     0.9582074117     0.9581995487     0.9582577707     -0.07141518537
0.029     0.2325569804     13.43587799     0.9576455205     0.9576380134     0.9576960866     -0.0721026445
0.0295     0.2315088797     13.29595426     0.9570828615     0.9570756993     0.9571336293     -0.07278262016
0.03     0.2304630288     13.1592567     0.9565192382     0.9565124102     0.9565702026     -0.07345545734
0.0305     0.2294202492     13.02586505     0.9559544588     0.9559479548     0.9560056149     -0.07412149078
0.031     0.2283813     12.89531645     0.9553883362     0.9553821463     0.9554396794     -0.07478104529
0.0315     0.2273468832     12.76768311     0.9548206877     0.9548148025     0.9548722136     -0.07543443615
0.032     0.2263176472     12.64282915     0.9542513348     0.9542457453     0.9543030392     -0.0760819695
0.0325     0.2252941911     12.52062352     0.9536801031     0.9536748004     0.9537319819     -0.07672394265
0.033     0.2242770677     12.40090374     0.9531068218     0.9531017976     0.9531588713     -0.07736064442
0.0335     0.2232667871     12.283815     0.9525313239     0.9525265701     0.9525835405     -0.07799235551
0.034     0.2222638199     12.16896729     0.9519534458     0.9519489546     0.952005826     -0.07861934875
0.0345     0.2212685993     12.05632539     0.951373027     0.951368791     0.9514255676     -0.07924188947
0.035     0.2202815245     11.94611326     0.9507899102     0.9507859221     0.9508426082     -0.07986023573
0.0355     0.2193029626     11.83798107     0.950203941     0.950200194     0.9502567934     -0.08047463863
0.036     0.2183332511     11.73187441     0.9496149679     0.9496114553     0.9496679719     -0.08108534258
0.0365     0.2173726998     11.62774319     0.9490228417     0.9490195571     0.9490759947     -0.08169258558
0.037     0.2164215929     11.52553424     0.9484274158     0.9484243532     0.9484807154     -0.08229659944
0.0375     0.2154801908     11.42519139     0.947828546     0.9478256995     0.9478819899     -0.08289761005
0.038     0.2145487316     11.32665574     0.9472260902     0.947223454     0.9472796763     -0.08349583759
0.0385     0.2136274329     11.22986584     0.9466199083     0.9466174771     0.9466736344     -0.0840914968
0.039     0.2127164931     11.13475791     0.9460098621     0.9460076306     0.9460637264     -0.08468479715
0.0395     0.2118160928     11.04126608     0.9453958152     0.9453937785     0.9454498159     -0.08527594311
0.04     0.2109263963     10.94932261     0.9447776329     0.9447757861     0.9448317684     -0.08586513432
0.0405     0.2100475523     10.85895757     0.9441551819     0.9441535204     0.9442094506     -0.08645256578
0.041     0.2091796955     10.77022307     0.9435283304     0.9435268498     0.9435827309     -0.08703842808
0.0415     0.2083229475     10.68286853     0.9428969478     0.942895644     0.9429514789     -0.08762290757
0.042     0.2074774175     10.5968196     0.9422609048     0.9422597736     0.9423155652     -0.08820618655
0.0425     0.2066432036     10.51220263     0.9416200732     0.9416191107     0.9416748619     -0.08878844342
0.043     0.2058203933     10.42903294     0.9409743255     0.9409735281     0.9410292415     -0.08936985289
0.0435     0.2050090647     10.34698118     0.9403235353     0.9403228994     0.9403785778     -0.08995058612
0.044     0.204209287     10.26630016     0.9396675768     0.939667099     0.939722745     -0.0905308109
0.0445     0.203421121     10.1868669     0.939006325     0.9390060021     0.9390616183     -0.09111069178
0.045     0.2026446202     10.1084556     0.9383396554     0.9383394842     0.9383950732     -0.09169039027
0.0455     0.2018798312     10.03148059     0.9376674438     0.9376674215     0.9377229858     -0.09227006495
0.046     0.2011267941     9.955310874     0.9369895665     0.9369896902     0.9370452322     -0.0928498716
0.0465     0.2003855436     9.880623082     0.9363059001     0.9363061671     0.9363616892     -0.0934299634
0.047     0.1996561087     9.80665629     0.9356163211     0.9356167289     0.9356722336     -0.09401049104
0.0475     0.198938514     9.734075316     0.9349207064     0.9349212525     0.9349767421     -0.09459160282
0.048     0.1982327795     9.662262719     0.9342189326     0.9342196148     0.9342750916     -0.09517344483
0.0485     0.1975389216     9.591600163     0.9335108763     0.9335116924     0.9335671588     -0.09575616109
0.049     0.196856953     9.521883534     0.9327964139     0.9327973618     0.93285282     -0.0963398936
0.0495     0.1961868835     9.452944532     0.9320754214     0.9320764993     0.9321319515     -0.09692478255
0.05     0.1955287199     9.385256711     0.9313477745     0.9313489805     0.9314044289     -0.0975109664
0.0505     0.1948824669     9.318281512     0.9306133484     0.9306146808     0.9306701277     -0.09809858198
0.051     0.194248127     9.252107043     0.9298720177     0.9298734749     0.9299289223     -0.09868776468
0.0515     0.1936257009     9.187075086     0.9291236562     0.9291252367     0.9291806869     -0.09927864848
0.052     0.1930151881     9.122747484     0.9283681371     0.9283698395     0.9284252947     -0.09987136612
0.0525     0.1924165865     9.059125633     0.9276053326     0.9276071558     0.927662618     -0.1004660492
0.053     0.1918298934     8.996487023     0.9268351142     0.9268370569     0.9268925282     -0.1010628283
0.0535     0.1912551054     8.934689738     0.9260573521     0.9260594131     0.9261148958     -0.101661833
0.054     0.1906922185     8.873580821     0.9252719153     0.9252740939     0.9253295899     -0.1022631922
0.0545     0.1901412288     8.813159224     0.9244786719     0.924480967     0.9245364786     -0.1028670339
0.055     0.1896021322     8.75345596     0.9236774883     0.9236798992     0.9237354284     -0.1034734859
0.0555     0.1890749249     8.694714703     0.9228682297     0.9228707558     0.9229263047     -0.104082675
0.056     0.1885596036     8.636634792     0.9220507597     0.9220534003     0.9221089711     -0.104694728
0.0565     0.1880561656     8.579212741     0.9212249401     0.9212276949     0.9212832896     -0.1053097713
0.057     0.1875646092     8.522444547     0.9203906313     0.9203934997     0.9204491206     -0.1059279311
0.0575     0.1870849334     8.466325685     0.9195476916     0.9195506734     0.9196063225     -0.1065493336
0.058     0.1866171387     8.410851142     0.9186959773     0.9186990723     0.9187547518     -0.1071741051
0.0585     0.1861612269     8.356015361     0.9178353427     0.9178385509     0.9178942629     -0.1078023719
0.059     0.1857172014     8.301896468     0.9169656401     0.9169689614     0.9170247082     -0.1084342608
0.0595     0.1852850673     8.248448655     0.9160867193     0.9160901538     0.9161459375     -0.1090698988
0.06     0.1848648315     8.195599006     0.9151984277     0.9152019756     0.9152577985     -0.1097094134
0.0605     0.1844565031     8.143339844     0.9143006102     0.9143042718     0.9143601361     -0.1103529329
0.061     0.1840600933     8.091663013     0.913393109     0.9133968848     0.9134527927     -0.1110005861
0.0615     0.1836756159     8.040559878     0.9124757636     0.912479654     0.9125356079     -0.1116525028
0.062     0.1833030871     7.990021389     0.9115484105     0.911552416     0.9116084183     -0.1123088137
0.0625     0.1829425258     7.940038013     0.9106108831     0.9106150045     0.9106710574     -0.1129696505
0.063     0.1825939538     7.890599807     0.9096630117     0.9096672498     0.9097233558     -0.1136351463
0.0635     0.182257396     7.841696393     0.9087046231     0.9087089788     0.9087651403     -0.1143054353
0.064     0.1819328803     7.793316977     0.9077355407     0.907740015     0.9077962345     -0.1149806533
0.0645     0.1816204384     7.745450368     0.9067555842     0.9067601782     0.9068164583     -0.1156609378
0.065     0.1813201051     7.698084985     0.9057645695     0.9057692845     0.9058256277     -0.1163464278
0.0655     0.181031919     7.651208862     0.9047623084     0.9047671457     0.9048235547     -0.1170372644
0.066     0.180755923     7.604850784     0.9037486087     0.9037535698     0.9038100473     -0.1177335904
0.0665     0.1804921635     7.559083967     0.9027232736     0.9027283602     0.9027849089     -0.1184355512
0.067     0.1802406915     7.513789163     0.901686102     0.9016913157     0.9017479385     -0.1191432941
0.0675     0.1800015624     7.46895286     0.9006368879     0.9006422306     0.9006989304     -0.1198569692
0.068     0.1797748363     7.424561233     0.8995754203     0.8995808941     0.8996376738     -0.1205767291
0.0685     0.179560578     7.380600133     0.8985014832     0.8985070901     0.8985639528     -0.1213027293
0.069     0.1793588577     7.337055146     0.897414855     0.8974205973     0.8974775461     -0.1220351281
0.0695     0.1791697505     7.293911572     0.8963153087     0.8963211888     0.8963782269     -0.1227740873
0.07     0.1789933373     7.251154462     0.8952026111     0.8952086316     0.8952657623     -0.1235197718
0.0705     0.1788297047     7.208991568     0.894076523     0.8940826868     0.8941399135     -0.1242723503
0.071     0.1786789454     7.167310124     0.892936799     0.8929431088     0.893000435     -0.1250319952
0.0715     0.1785411582     7.125988171     0.8917831866     0.8917896457     0.8918470749     -0.1257988828
0.072     0.1784164487     7.085009565     0.8906154267     0.8906220381     0.8906795743     -0.126573194
0.0725     0.1783049293     7.044357998     0.8894332525     0.8894400199     0.8894976667     -0.1273551137
0.073     0.1782067195     7.004039939     0.8882363898     0.8882433168     0.8883010783     -0.128144832
0.0735     0.1781219463     6.964440022     0.8870245564     0.8870316468     0.8870895271     -0.1289425437
0.074     0.1780507446     6.925135412     0.8857974617     0.8858047197     0.885862723     -0.1297484491
0.0745     0.1779932576     6.886108837     0.8845548063     0.8845622362     0.884620367     -0.1305627541
0.075     0.1779496368     6.847342937     0.8832962819     0.8833038882     0.883362151     -0.1313856703
0.0755     0.177920043     6.809069189     0.8820215702     0.8820293578     0.8820877574     -0.1322174156
0.076     0.1779046461     6.771315936     0.8807303434     0.8807383173     0.8807968586     -0.1330582148
0.0765     0.1779036263     6.733787434     0.8794222628     0.8794304285     0.8794891165     -0.1339082992
0.077     0.1779171737     6.696465635     0.8780969788     0.878105342     0.8781641822     -0.1347679076
0.0775     0.1779454896     6.659615382     0.8767541305     0.876762697     0.8768216949     -0.1356372868
0.078     0.1779887865     6.623273769     0.8753933446     0.8754021209     0.8754612822     -0.1365166915
0.0785     0.178047289     6.5870999     0.8740142353     0.874023228     0.8740825587     -0.1374063851
0.079     0.1781212344     6.551075281     0.8726164034     0.8726256196     0.872685126     -0.1383066403
0.0795     0.1782108731     6.515757699     0.8711994357     0.8712088828     0.8712685714     -0.1392177392
0.08     0.1783164697     6.480672328     0.8697629043     0.8697725903     0.869832468     -0.1401399746
0.0805     0.1784383033     6.44569465     0.8683063658     0.8683162991     0.8683763729     -0.1410736496
0.081     0.1785766689     6.411180281     0.8668293607     0.86683955     0.8668998274     -0.1420190791
0.0815     0.1787318775     6.377117642     0.8653314122     0.8653418667     0.8654023556     -0.1429765901
0.082     0.178904258     6.343119211     0.8638120253     0.863822755     0.8638834636     -0.1439465225
0.0825     0.1790941572     6.309467864     0.8622706862     0.8622817016     0.8623426384     -0.1449292296
0.083     0.1793019417     6.276356124     0.8607068609     0.8607181731     0.8607793471     -0.1459250796
0.0835     0.1795279984     6.243263401     0.8591199943     0.859131615     0.8591930357     -0.1469344557
0.084     0.1797727364     6.210532283     0.8575095086     0.8575214503     0.8575831276     -0.1479577577
0.0845     0.1800365878     6.178293869     0.8558748026     0.8558870785     0.855949023     -0.1489954027
0.085     0.1803200094     6.146027812     0.85421525     0.8542278741     0.8542900967     -0.1500478262
0.0855     0.1806234843     6.114271201     0.8525301976     0.8525431849     0.8526056973     -0.1511154835
0.086     0.1809475236     6.082823184     0.8508189644     0.8508323309     0.8508951452     -0.1521988508
0.0865     0.1812926683     6.051299662     0.8490808393     0.8490946019     0.8491577311     -0.1532984268
0.087     0.1816594908     6.020568635     0.8473150796     0.8473292563     0.8473927142     -0.154414734
0.0875     0.1820485981     5.989823173     0.8455209089     0.845535519     0.84559932     -0.1555483203
0.088     0.1824606332     5.959275284     0.8436975147     0.8437125787     0.8437767381     -0.1566997612
0.0885     0.1828962781     5.929295631     0.8418440463     0.8418595862     0.8419241204     -0.1578696614
0.089     0.1833562568     5.899160485     0.8399596125     0.8399756518     0.840040578     -0.1590586567
0.0895     0.1838413381     5.869726242     0.8380432783     0.8380598422     0.8381251787     -0.1602674168
0.09     0.1843523389     5.840311133     0.8360940623     0.8361111777     0.8361769441     -0.1614966474
0.0905     0.1848901283     5.811123663     0.8341109332     0.8341286293     0.8341948462     -0.1627470932
0.091     0.1854556314     5.782412765     0.8320928067     0.8321111144     0.8321778042     -0.1640195408
0.0915     0.1860498338     5.753496082     0.8300385411     0.8300574939     0.8301246802     -0.1653148219
0.092     0.1866737866     5.72547232     0.8279469331     0.8279665673     0.8280342754     -0.166633817
0.0925     0.1873286118     5.697175763     0.8258167137     0.8258370681     0.8259053252     -0.1679774593
0.093     0.1880155084     5.669496398     0.8236465426     0.8236676593     0.8237364944     -0.1693467395
0.0935     0.188735759     5.641833927     0.8214350026     0.8214569272     0.8215263715     -0.1707427098
0.094     0.1894907372     5.614491417     0.8191805937     0.8192033756     0.8192734626     -0.1721664903
0.0945     0.190281916     5.58744279     0.8168817261     0.8169054188     0.8169761848     -0.1736192742
0.095     0.191110877     5.560463808     0.8145367125     0.8145613743     0.8146328584     -0.1751023347
0.0955     0.1919793206     5.534007732     0.8121437602     0.8121694546     0.812241699     -0.1766170326
0.096     0.1928890775     5.507420262     0.8097009611     0.8097277576     0.8098008078     -0.1781648242
0.0965     0.1938421221     5.481534491     0.807206282     0.8072342564     0.8073081621     -0.179747271
0.097     0.1948405866     5.455368075     0.8046575525     0.8046867879     0.8047616029     -0.1813660497
0.0975     0.1958867781     5.430029523     0.8020524522     0.8020830399     0.802158823     -0.1830229645
0.098     0.1969831967     5.404315568     0.7993884961     0.7994205366     0.7994973519     -0.1847199597
0.0985     0.1981325577     5.379500464     0.7966630179     0.7966966223     0.7967745399     -0.1864591355
0.099     0.1993378152     5.354272639     0.7938731517     0.7939084428     0.7939875397     -0.1882427647
0.0995     0.2006021903     5.329956729     0.7910158106     0.7910529248     0.7911332855     -0.1900733125
0.1     0.2019292034     5.305251489     0.7880876628     0.7881267517     0.7882084695     -0.1919534587
0.1005     0.2033227106     5.281410303     0.785085104     0.7851263369     0.785209515     -0.1938861237
0.101     0.2047869469     5.257267582     0.7820042259     0.7820477924     0.7821325452     -0.1958744986
0.1015     0.2063265762     5.233876788     0.7788407797     0.7788868928     0.7789733477     -0.1979220792
0.102     0.2079467491     5.210340901     0.7755901343     0.7756390344     0.7757273335     -0.2000327066
0.1025     0.2096531716     5.187376797     0.7722472274     0.7722991864     0.772389489     -0.2022106145
0.103     0.2114521859     5.164497676     0.7688065082     0.7688618353     0.7689543205     -0.2044604848
0.1035     0.2133508661     5.141937861     0.7652618702     0.7653209185     0.7654157889     -0.2067875129
0.104     0.2153571331     5.119772739     0.7616065724     0.761669747     0.7617672322     -0.2091974868
0.1045     0.2174798922     5.097597074     0.7578331446     0.7579009127     0.7580012746     -0.2116968802
0.105     0.2197291999     5.076212828     0.7539332749     0.7540061782     0.7541097168     -0.2142929663
0.1055     0.2221164677     5.054535295     0.7498976735     0.749976344     0.7500834052     -0.2169939551
0.106     0.2246547119     5.033881345     0.7457159078     0.7458010874     0.7459120721     -0.2198091628
0.1065     0.2273588644     5.013132143     0.7413761999     0.741468766     0.7415841421     -0.2227492198
0.107     0.2302461617     4.992865347     0.7368651766     0.7369661745     0.7370864921     -0.2258263317
0.1075     0.2333366371     4.973158735     0.7321675563     0.7322782424     0.7324041532     -0.2290546081
0.108     0.2366537515     4.95334511     0.7272657551     0.7273876529     0.7275199361     -0.2324504814
0.1085     0.240225212     4.934768458     0.7221393809     0.7222743578     0.7224139539     -0.2360332498
0.109     0.2440840479     4.916270576     0.7167645792     0.7169149503     0.7170630067     -0.2398257878
0.1095     0.2482700514     4.898181662     0.7111131709     0.7112818436     0.7114397775     -0.2438554929
0.11     0.2528317375     4.881236951     0.7051514969     0.7053421762     0.7055117625     -0.2481555703
0.1105     0.2578290681     4.864589922     0.6988388403     0.6990563266     0.699239823     -0.2527668103
0.111     0.2633373264     4.848670472     0.6921252197     0.6923758528     0.6925761837     -0.2577401057
0.1115     0.2694527795     4.834215403     0.6849482241     0.685240565     0.685461599     -0.2631401174
0.112     0.2763012204     4.820584621     0.6772283307     0.6775742451     0.6778212285     -0.2690507783
0.1125     0.2840513489     4.808082005     0.6688617191     0.6692781752     0.6695584372     -0.2755838795
0.113     0.2929367097     4.797525868     0.6597087493     0.6602209499     0.6605451075     -0.2828930836
0.1135     0.3032937464     4.78940016     0.649574446     0.6502216353     0.6506057796     -0.2911981197
0.114     0.3156327093     4.784101504     0.6381730683     0.6390201658     0.6394901427     -0.3008296547
0.1145     0.3307828755     4.782917587     0.6250576137     0.6262210174     0.6268216905     -0.3123207339
0.115     0.3502316907     4.788046194     0.6094605005     0.6111739173     0.6119921592     -0.3266192349
0.1155     0.3770902681     4.803887727     0.5898573364     0.5926786759     0.5939133874     -0.3456894211
0.116     0.4199839232     4.844273966     0.5622960664     0.5680393381     0.5703041723     -0.374921761
0.1165     0.5344534819     4.990969487     0.5042899533     0.5272083827     0.5347847964     -0.4485985775
0.117     0.9639606225     5.559964931     0.376758452     0.461690077     0.4463338402     -0.7255649599
0.1175     1.093470844     5.687827917     0.3506653547     0.2938423191     0.2492769507     -0.8257422729
0.118     1.172030495     5.74591212     0.3360743044     0.3264500603     0.3246222575     -0.8968642886
0.1185     1.226817378     5.773902388     0.3262094899     0.3218924167     0.3215332541     -0.9546639022
0.119     1.267067992     5.783701505     0.3189968132     0.3164018544     0.3163946754     -1.0042955
0.1195     1.297331301     5.781937909     0.3134969052     0.3117141334     0.3118341365     -1.048224138
0.12     1.320272849     5.772103061     0.3091974004     0.3078738925     0.3080469971     -1.087863126
0.1205     1.337622085     5.755982697     0.3057858223     0.3047522438     0.3049478956     -1.124116315
0.121     1.350578423     5.736735561     0.3030567336     0.3022203197     0.3024242443     -1.157605764
0.1215     1.360013464     5.713641962     0.3008675472     0.3001726086     0.300377645     -1.188782758
0.122     1.36658274     5.688526667     0.2991151535     0.2985259294     0.2987283607     -1.21798792
0.1225     1.370792412     5.661292328     0.2977225509     0.2972148612     0.2974127599     -1.245486381
0.123     1.373041485     5.63333457     0.2966307197     0.296187534     0.2963799482     -1.27148966
0.1235     1.373649785     5.603350671     0.295793445     0.2954023614     0.2955888885     -1.296169913
0.124     1.37287722     5.574219869     0.2951738797     0.2948256181     0.2950061703     -1.319669617
0.1245     1.370937455     5.543594864     0.2947421901     0.2944296446     0.2946043143     -1.342108356
0.125     1.368007852     5.513016441     0.2944738994     0.2941915194     0.2943605005     -1.363587704
0.1255     1.364236888     5.482579243     0.2943486894     0.2940920681     0.2942556088     -1.384194844
0.126     1.35974975     5.451165533     0.2943495215     0.2941151054     0.2942734794     -1.40400528
0.1265     1.354652678     5.421195544     0.2944619747     0.2942468643     0.2944003537     -1.423084929
0.127     1.349036322     5.390594882     0.2946737434     0.2944755433     0.2946244278     -1.441491742
0.1275     1.342978421     5.360150675     0.294974249     0.2947909613     0.2949355121     -1.459276994
0.128     1.336545928     5.330611732     0.2953543357     0.2951842783     0.2953247546     -1.476486307
0.1285     1.329796732     5.300314611     0.2958060306     0.2956477755     0.2957844223     -1.49316048
0.129     1.322781067     5.271657203     0.2963223494     0.2961746772     0.2963077255     -1.50933618
0.1295     1.315542656     5.242537882     0.296897143     0.2967590026     0.2968886682     -1.52504649
0.13     1.308119646     5.214069609     0.2975249724     0.297395452     0.2975219367     -1.54032138
0.1305     1.300545434     5.186167673     0.2982010001     0.2980793099     0.2982028018     -1.555188105
0.131     1.292849284     5.158101658     0.2989209108     0.2988063537     0.2989270278     -1.569671521
0.1315     1.285056911     5.131404199     0.2996808363     0.2995728019     0.2996908214     -1.583794375
0.132     1.27719095     5.103931541     0.3004772953     0.3003752455     0.3004907618     -1.597577544
0.1325     1.269271345     5.078382615     0.3013071458     0.3012105999     0.3013237544     -1.611040239
0.133     1.261315684     5.051777274     0.3021675423     0.3020760723     0.3021869962     -1.624200175
0.1335     1.253339517     5.027180028     0.3030558963     0.3029691232     0.3030779389     -1.637073743
0.134     1.245356578     5.001514411     0.3039698496     0.3038874286     0.3039942502     -1.649676126
0.1345     1.237379017     4.977822253     0.3049072455     0.3048288692     0.304933803     -1.662021426
0.135     1.229417583     4.95304496     0.3058661062     0.3057914961     0.3058946414     -1.674122766
0.1355     1.221481788     4.93029001     0.3068446137     0.3067735176     0.306874967     -1.685992379
0.136     1.213580057     4.90663732     0.3078410899     0.3077732808     0.3078731211     -1.697641694
0.1365     1.205719823     4.884525533     0.3088539876     0.3087892539     0.3088875662     -1.709081394
0.137     1.197907673     4.862071779     0.3098818701     0.309820025     0.3099168852     -1.720321497
0.1375     1.190149413     4.840438672     0.3109234056     0.3108642734     0.3109597526     -1.7313714
0.138     1.182450179     4.81923657     0.3119773521     0.311920776     0.3120149411     -1.742239939
0.1385     1.174814485     4.797913501     0.3130425527     0.3129883849     0.3130812987     -1.752935427
0.139     1.167246303     4.777995674     0.3141179247     0.3140660319     0.3141577532     -1.7634657
0.1395     1.159749107     4.75743053     0.3152024568     0.3151527124     0.3152432968     -1.773838142
0.14     1.152325951     4.73819476     0.3162951957     0.3162474895     0.3163369889     -1.784059746
0.1405     1.144979484     4.719018217     0.3173952475     0.3173494709     0.3174379346     -1.794137112
0.141     1.137712009     4.699667452     0.3185017693     0.3184578249     0.3185452993     -1.804076497
0.1415     1.130525515     4.681868855     0.3196139646     0.3195717623     0.3196582911     -1.813883832
0.142     1.123421706     4.663607199     0.3207310812     0.3206905354     0.3207761599     -1.823564743
0.1425     1.116402037     4.645795064     0.3218524052     0.3218134387     0.3218981979     -1.833124576
0.143     1.109467726     4.628960102     0.3229772603     0.3229397983     0.3230237291     -1.842568413
0.1435     1.102619791     4.611749369     0.3241050038     0.324068978     0.3241521154     -1.85190109
0.144     1.095859064     4.595156194     0.3252350229     0.3252003702     0.3252827473     -1.861127214
0.1445     1.089186214     4.579391933     0.3263667334     0.3263333939     0.326415042     -1.87025118
0.145     1.082601759     4.563331039     0.3274995781     0.3274674952     0.327548444     -1.879277177
0.1455     1.076106084     4.547622887     0.328633023     0.3286021449     0.3286824228     -1.888209211
0.146     1.069699452     4.533002195     0.3297665578     0.3297368342     0.3298164678     -1.897051106
0.1465     1.063382019     4.518155119     0.3308996924     0.3308710777     0.3309500926     -1.905806521
0.147     1.057153842     4.503096557     0.332031957     0.3320044068     0.3320828271     -1.914478959
0.1475     1.0510149     4.489559803     0.3331628978     0.3331363728     0.3332142216     -1.923071777
0.148     1.044965075     4.475958686     0.3342920816     0.3342665393     0.3343438385     -1.931588186
0.1485     1.039004206     4.462206552     0.3354190861     0.335394495     0.3354712654     -1.940031277
0.149     1.033132038     4.448781797     0.3365435098     0.336519829     0.3365960906     -1.948404001
0.1495     1.027348289     4.436430953     0.3376649593     0.3376421618     0.3377179335     -1.956709208
0.15     1.021652607     4.42398008     0.3387830583     0.3387611089     0.3388364087     -1.964949623
0.1505     1.01604461     4.411442626     0.3398974393     0.3398763121     0.3399511573     -1.97312788
0.151     1.010523868     4.399229762     0.3410077492     0.3409874133     0.3410618204     -1.981246499
0.1515     1.005089914     4.388052025     0.3421136455     0.3420940746     0.3421680592     -1.989307911
0.152     0.9997422573     4.376828729     0.3432147942     0.3431959646     0.3432695417     -1.99731446
0.1525     0.9944803876     4.365572096     0.3443108701     0.3442927591     0.344365943     -2.005268406
0.153     0.9893037448     4.3542941     0.3454015626     0.3453841415     0.345456946     -2.013171913
0.1535     0.9842117803     4.344081505     0.3464865626     0.346469817     0.3465422551     -2.02102709
0.154     0.9792038987     4.334115618     0.3475655761     0.3475494783     0.3476215626     -2.028835949
0.1545     0.9742795121     4.324158566     0.3486383116     0.3486228471     0.3486945895     -2.036600451
0.155     0.9694380041     4.314220857     0.349704489     0.3496896351     0.3497610472     -2.044322476
0.1555     0.9646787615     4.304313067     0.350763832     0.3507495738     0.3508206665     -2.052003851
0.156     0.9600011435     4.295342096     0.3518160757     0.3518023913     0.351873175     -2.059646329
0.1565     0.9554045184     4.286663974     0.3528609578     0.3528478344     0.3529183193     -2.067251615
0.157     0.9508882411     4.278035638     0.3538982245     0.3538856442     0.3539558399     -2.074821353
0.1575     0.9464516671     4.26946593     0.3549276268     0.3549155755     0.3549854912     -2.082357136
0.158     0.9420941344     4.26096335     0.3559489253     0.3559373846     0.3560070291     -2.089860497
0.1585     0.9378149989     4.252536462     0.3569618815     0.356950842     0.3570202238     -2.09733293
0.159     0.9336135943     4.245108917     0.3579662678     0.3579557105     0.3580248377     -2.104775871
0.1595     0.9294892762     4.237807218     0.3589618565     0.3589517737     0.359020654     -2.112190723
0.16     0.9254413743     4.230590736     0.3599484321     0.3599388043     0.3600074453     -2.119578826
0.1605     0.9214692471     4.223466394     0.3609257774     0.3609165989     0.3609850077     -2.126941499
0.161     0.9175722359     4.216440682     0.3618936851     0.3618849393     0.3619531227     -2.134280004
0.1615     0.9137496889     4.20951992     0.3628519519     0.3628436282     0.3629115928     -2.14159557
0.162     0.910000959     4.202710221     0.363800379     0.3637924667     0.3638602186     -2.148889387
0.1625     0.906325393     4.196713156     0.3647387753     0.3647312608     0.3647988062     -2.156162601
0.163     0.9027223561     4.190892215     0.3656669502     0.3656598268     0.3657271715     -2.163416334
0.1635     0.8991912058     4.185182409     0.3665847216     0.3665779758     0.3666451252     -2.170651665
0.164     0.8957313127     4.179588407     0.3674919096     0.3674855336     0.367552493     -2.177869646
0.1645     0.8923420315     4.174114403     0.3683883442     0.368382323     0.3684490975     -2.185071281
0.165     0.8890227525     4.168764749     0.3692738525     0.3692681844     0.3693347789     -2.192257568
0.1655     0.8857728371     4.163543141     0.3701482748     0.3701429417     0.3702093608     -2.199429446
0.166     0.8825916778     4.158453373     0.3710114496     0.3710064491     0.3710726972     -2.206587846
0.1665     0.8794786544     4.153498782     0.3718632243     0.3718585429     0.3719246243     -2.213733657
0.167     0.8764331547     4.149066478     0.3727034508     0.3726990804     0.3727649991     -2.220867742
0.1675     0.8734545787     4.14491934     0.3735319835     0.3735279174     0.3735936773     -2.227990941
0.168     0.8705423235     4.140898631     0.3743486837     0.3743449113     0.3744105162     -2.235104062
0.1685     0.8676957924     4.137006614     0.3751534173     0.3751499305     0.3752153839     -2.242207889
0.169     0.8649143864     4.133245257     0.3759460567     0.3759428455     0.3760081508     -2.249303175
0.1695     0.8621975256     4.129616503     0.3767264756     0.3767235357     0.3767886961     -2.256390657
0.17     0.8595446182     4.126121888     0.3774945567     0.3774918758     0.3775568944     -2.263471036
0.1705     0.8569550863     4.12276287     0.3782501855     0.378247758     0.3783126379     -2.270544998
0.171     0.8544283542     4.119540682     0.3789932527     0.3789910704     0.3790558142     -2.277613203
0.1715     0.8519638422     4.11645626     0.3797236564     0.3797217093     0.3797863198     -2.284676279
0.172     0.8495609775     4.113510383     0.380441299     0.3804395804     0.3805040601     -2.291734838
0.1725     0.8472192017     4.110703793     0.381146085     0.3811445903     0.3812089416     -2.298789476
0.173     0.8449379438     4.108036829     0.3818379287     0.3818366458     0.3819008711     -2.305840753
0.1735     0.8427166428     4.105509744     0.3825167477     0.382515671     0.3825797724     -2.312889216
0.174     0.8405547399     4.103122602     0.3831824651     0.383181587     0.3832455667     -2.319935388
0.1745     0.8384516762     4.101006253     0.3838350101     0.3838343226     0.3838981824     -2.326979768
0.175     0.8364069001     4.099132942     0.3844743162     0.3844738132     0.3845375551     -2.33402284
0.1755     0.8344198539     4.097382767     0.3851003246     0.3850999966     0.3851636224     -2.34106506
0.176     0.8324899842     4.09575521     0.3857129814     0.3857128218     0.3857763331     -2.348106867
0.1765     0.8306167385     4.094249604     0.3863122386     0.3863122398     0.3863756382     -2.355148676
0.177     0.8287995797     4.092865333     0.3868980497     0.3868982087     0.3869614958     -2.362190896
0.1775     0.8270379433     4.091601283     0.3874703823     0.3874706837     0.3875338608     -2.369233894
0.178     0.8253312954     4.0904566     0.388029201     0.3880296463     0.3880927148     -2.37627804
0.1785     0.8236790783     4.089429998     0.3885744833     0.3885750584     0.3886380196     -2.383323666
0.179     0.8220807497     4.088520267     0.3891062083     0.3891069105     0.3891697656     -2.390371096
0.1795     0.8205357556     4.087725939     0.3896243644     0.3896251833     0.3896879334     -2.397420628
0.18     0.8190435562     4.087045627     0.3901289415     0.3901298743     0.3901925204     -2.404472552
0.1805     0.8176035975     4.086477665     0.3906199397     0.3906209754     0.3906835186     -2.411527126
0.181     0.8162153356     4.086020432     0.3910973618     0.3910984966     0.3911609378     -2.418584603
0.1815     0.8148782142     4.08567207     0.3915612199     0.3915624438     0.3916247839     -2.425645205
0.182     0.8135916936     4.085430866     0.3920115272     0.3920128384     0.3920750781     -2.432709152
0.1825     0.8123552067     4.085294687     0.3924483101     0.3924496943     0.3925118345     -2.439776625
0.183     0.8111682041     4.08526158     0.3928715957     0.3928730518     0.3929350931     -2.446847805
0.1835     0.8100301339     4.08532951     0.3932814172     0.3932829382     0.3933448813     -2.453922853
0.184     0.8089404399     4.085496348     0.3936778144     0.393679393     0.3937412386     -2.46100191
0.1845     0.8078985588     4.085759841     0.3940608346     0.394062463     0.3941242116     -2.4680851
0.185     0.8069039292     4.086117734     0.39443053     0.3944322026     0.3944938549     -2.47517253
0.1855     0.8059559833     4.086567673     0.3947869594     0.3947886689     0.3948502253     -2.48226429
0.186     0.8050541583     4.087107357     0.3951301858     0.395131928     0.3951933889     -2.48936046
0.1865     0.8041978884     4.087734442     0.3954602777     0.3954620462     0.3955234121     -2.496461101
0.187     0.8033866004     4.088446487     0.3957773109     0.3957790983     0.3958403696     -2.503566259
0.1875     0.8026197129     4.089240952     0.3960813686     0.396083167     0.3961443442     -2.510675957
0.188     0.8018966499     4.090115379     0.3963725368     0.3963743429     0.3964354262     -2.517790212
0.1885     0.8012168395     4.091067384     0.3966509054     0.3966527153     0.3967137051     -2.52490903
0.189     0.8005796941     4.092094399     0.396916573     0.3969183773     0.3969792739     -2.532032393
0.1895     0.7999846155     4.09319375     0.3971696463     0.3971714369     0.3972322406     -2.539160265
0.19     0.7994310287     4.09436309     0.3974102291     0.3974120085     0.3974727195     -2.546292615
0.1905     0.7989183427     4.095599902     0.3976384344     0.3976401932     0.3977008119     -2.553429387
0.191     0.7984459469     4.09690146     0.3978543852     0.3978561132     0.3979166398     -2.560570503
0.1915     0.7980132503     4.098265331     0.3980582025     0.3980599014     0.398120336     -2.567715887
0.192     0.7976196538     4.099689022     0.3982500137     0.3982516769     0.3983120197     -2.574865448
0.1925     0.7972645549     4.101170044     0.3984299511     0.3984315735     0.3984918249     -2.58201908
0.193     0.7969473326     4.102785733     0.398598156     0.3985997284     0.3986598884     -2.589176657
0.1935     0.7966673876     4.104567701     0.3987547671     0.3987562922     0.398816361     -2.596338059
0.194     0.7964241015     4.106405429     0.398899932     0.3989014004     0.3989613782     -2.603503142
0.1945     0.7962168621     4.108296235     0.3990337996     0.3990352098     0.3990950968     -2.610671759
0.195     0.7960450444     4.110237323     0.3991565263     0.399157871     0.3992176673     -2.617843745
0.1955     0.7959080278     4.112226023     0.3992682699     0.3992695472     0.399329253     -2.625018929
0.196     0.7958052042     4.1142599     0.3993691874     0.3993703981     0.3994300135     -2.632197146
0.1965     0.7957359222     4.116336001     0.3994594518     0.3994605798     0.3995201049     -2.639378186
0.197     0.7956995793     4.118452092     0.399539224     0.3995402813     0.3995997162     -2.646561872
0.1975     0.7956955289     4.12060542     0.3996086807     0.3996096513     0.3996689962     -2.653747987
0.198     0.7957231406     4.12279351     0.3996679963     0.3996688824     0.3997281374     -2.660936319
0.1985     0.7957817923     4.125014059     0.399717345     0.3997181467     0.399777312     -2.668126657
0.199     0.79587084     4.127264539     0.3997569096     0.3997576181     0.3998166936     -2.675318768
0.1995     0.7959896613     4.129542764     0.3997868689     0.3997874883     0.3998464743     -2.682512427
0.2     0.7961376072     4.131846267     0.3998074112     0.3998079317     0.3998668281     -2.689707388
0.2005     0.7963140541     4.13417296     0.3998187195     0.3998191466     0.3998779536     -2.696903418
0.201     0.7965183592     4.136520567     0.399820984     0.3998213101     0.3998800278     -2.704100263
0.2015     0.7967498795     4.138886865     0.3998143966     0.39981462     0.3998732485     -2.711297666
0.202     0.7970079882     4.141269882     0.399799146     0.3997992699     0.3998578092     -2.71849538
0.2025     0.7972920604     4.143667721     0.3997754218     0.3997754453     0.3998338955     -2.725693152
0.203     0.7976014445     4.146078195     0.3997434225     0.3997433364     0.3998016975     -2.732890709
0.2035     0.7979355053     4.148499367     0.3997033435     0.3997031512     0.3997614233     -2.740087784
0.204     0.7982936248     4.150929546     0.3996553755     0.3996550813     0.3997132644     -2.747284124
0.2045     0.7986751688     4.153523933     0.3995997157     0.3995993135     0.3996574076     -2.754479457
0.205     0.7990794967     4.156263735     0.3995365636     0.3995360507     0.3995940558     -2.761673506
0.2055     0.7995059989     4.159007796     0.3994661104     0.3994654953     0.3995234114     -2.768866016
0.206     0.7999540452     4.16175421     0.3993885544     0.3993878302     0.3994456573     -2.776056712
0.2065     0.8004230099     4.164501153     0.3993040928     0.3993032603     0.3993609983     -2.783245323
0.207     0.8009122736     4.167246914     0.399212922     0.3992119824     0.3992696313     -2.790431581
0.2075     0.8014212296     4.169989955     0.3991152344     0.3991141914     0.3991717511     -2.797615225
0.208     0.8019492696     4.172728735     0.3990112239     0.3990100766     0.3990675469     -2.804795994
0.2085     0.8024957629     4.17546145     0.3989010911     0.3988998325     0.3989572134     -2.811973608
0.209     0.803060131     4.178186952     0.3987850213     0.3987836671     0.3988409583     -2.819147826
0.2095     0.8036417711     4.180903797     0.3986632072     0.3986617501     0.3987189514     -2.826318389
0.21     0.8042400961     4.183610729     0.3985358371     0.3985342818     0.3985913931     -2.833485049
0.2105     0.8048544939     4.186306196     0.3984031068     0.3984014461     0.398458467     -2.840647542
0.211     0.8054843927     4.188989126     0.3982651999     0.3982634461     0.3983203764     -2.84780563
0.2115     0.8061292242     4.191658474     0.3981222991     0.3981204537     0.398177293     -2.854959084
0.212     0.8067883997     4.194312948     0.3979745931     0.3979726503     0.3980293983     -2.862107655
0.2125     0.8074613517     4.19695149     0.397822264     0.3978202308     0.3978768871     -2.869251116
0.213     0.8081475219     4.199573128     0.3976654911     0.3976633709     0.3977199349     -2.876389246
0.2135     0.8088463819     4.20218649     0.3975044446     0.3975022469     0.3975587181     -2.883521846
0.214     0.8095573511     4.205086686     0.3973393098     0.3973370202     0.3973933981     -2.890648685
0.2145     0.810279905     4.207965163     0.3971702553     0.3971678912     0.3972241751     -2.89776957
0.215     0.8110134816     4.210820689     0.3969974604     0.3969950116     0.3970512008     -2.904884288
0.2155     0.811757601     4.213653009     0.3968210795     0.3968185716     0.3968746654     -2.911992686
0.216     0.8125116962     4.216460757     0.3966412928     0.3966387011     0.3966946986     -2.919094549
0.2165     0.8132752916     4.219243649     0.3964582527     0.3964556057     0.396511506     -2.926189736
0.217     0.8140478632     4.222000761     0.3962721258     0.3962694104     0.3963252126     -2.933278071
0.2175     0.8148289057     4.224731364     0.3960830724     0.3960802959     0.3961359989     -2.940359396
0.218     0.8156179511     4.227435111     0.3958912417     0.3958884164     0.3959440191     -2.947433584
0.2185     0.8164145132     4.230111396     0.3956967876     0.39569391     0.395749411     -2.9545005
0.219     0.8172180869     4.232759349     0.395499869     0.3954969354     0.3955523334     -2.961559998
0.2195     0.818028254     4.23537904     0.3953006189     0.3952976567     0.3953529504     -2.968612003
0.22     0.8188445054     4.237969456     0.3950991965     0.3950961812     0.3951513689     -2.975656376
0.2205     0.8196664582     4.240530953     0.3948957234     0.3948926939     0.394947774     -2.982693078
0.221     0.8204935953     4.243062319     0.39469036     0.3946872797     0.3947422503     -2.989721975
0.2215     0.821325549     4.245563958     0.3944832225     0.3944801373     0.3945349965     -2.996743051
0.222     0.8221618522     4.248035108     0.3942744557     0.3942713394     0.3943260851     -3.003756224
0.2225     0.823002112     4.250475767     0.3940641821     0.3940610588     0.3941156889     -3.01076147
0.223     0.8238459297     4.252978676     0.3938525255     0.3938493966     0.3939039086     -3.017758772
0.2235     0.824692868     4.255648386     0.3936396203     0.3936364776     0.3936908689     -3.02474809
0.224     0.8255425593     4.258283313     0.3934255802     0.3934224471     0.3934767151     -3.031729444
0.2245     0.8263946405     4.260883523     0.3932105169     0.3932073984     0.39326154     -3.038702867
0.225     0.8272486848     4.263448263     0.3929945604     0.3929914415     0.3930454537     -3.045668355
0.2255     0.828104387     4.265978136     0.3927778048     0.3927747246     0.3928286039     -3.052626
0.226     0.828961346     4.268472544     0.3925603713     0.3925573063     0.3926110491     -3.059575837
0.2265     0.829819253     4.270931909     0.3923423543     0.3923393352     0.3923929378     -3.066517979
0.227     0.8306777507     4.27335599     0.3921238613     0.3921208791     0.3921743372     -3.073452516
0.2275     0.8315364805     4.275744491     0.3919050001     0.3919020591     0.3919553683     -3.080379549
0.228     0.8323951666     4.278097961     0.3916858538     0.3916829832     0.3917361388     -3.087299253
0.2285     0.8332534304     4.280415739     0.391466535     0.3914637107     0.3915167076     -3.094211742
0.229     0.8341110283     4.282698591     0.3912471168     0.3912443835     0.3912972162     -3.101117245
0.2295     0.8349676419     4.284946374     0.3910276935     0.391025036     0.3910776987     -3.108015952
0.23     0.8358229645     4.287159016     0.3908083555     0.3908057838     0.3908582702     -3.114908078
0.2305     0.8366767221     4.289336728     0.3905891833     0.3905867141     0.3906390174     -3.121793882
0.231     0.8375286286     4.291479523     0.3903702608     0.3903678981     0.3904200112     -3.128673635
0.2315     0.8383784348     4.293587741     0.3901516606     0.3901494233     0.3902013383     -3.135547652
0.232     0.8392258698     4.295661415     0.3899334614     0.3899313519     0.3899830604     -3.14241626
0.2325     0.8400706557     4.297700453     0.3897157431     0.3897137691     0.3897652621     -3.149279803
0.233     0.8409125847     4.299705422     0.3894985658     0.3894967572     0.3895480249     -3.156138702
0.2335     0.8417514128     4.301676445     0.3892819991     0.3892803565     0.3893313885     -3.162993381
0.234     0.8425868961     4.30379339     0.3890661124     0.3890646475     0.3891154324     -3.169844296
0.2345     0.8434187694     4.305930525     0.3888509806     0.3888497001     0.3889002256     -3.176691917
0.235     0.8442468876     4.308030584     0.3886366444     0.3886355959     0.3886858488     -3.183536841
0.2355     0.8450710048     4.310093394     0.3884231726     0.3884223425     0.3884723082     -3.190379627
0.236     0.845890941     4.312119473     0.3882106151     0.3882100379     0.3882597008     -3.197220927
0.2365     0.8467064268     4.31410826     0.3879990465     0.3879987146     0.3880480576     -3.204061372
0.237     0.8475173393     4.316060779     0.3877884999     0.3877884732     0.3878374779     -3.210901747
0.2375     0.8483234468     4.317976767     0.3875790386     0.3875793073     0.3876279533     -3.217742817
0.238     0.8491245913     4.31985672     0.3873707048     0.3873713122     0.3874195773     -3.224585453
0.2385     0.849920631     4.32170125     0.3871635361     0.3871645111     0.3872123711     -3.231430609
0.239     0.8507112894     4.323509415     0.386957607     0.3869589392     0.3870063674     -3.238279207
0.2395     0.8514965306     4.325282865     0.3867529246     0.3867547108     0.3868016778     -3.245132423
0.24     0.8522761098     4.327020895     0.3865495539     0.3865517687     0.3865982423     -3.251991369
0.2405     0.8530498932     4.328723949     0.3863475285     0.3863502388     0.3863961832     -3.25885733
0.241     0.8538176835     4.330391753     0.3861468994     0.3861501276     0.3861955032     -3.265731651
0.2415     0.8545794608     4.332025842     0.3859476676     0.3859515076     0.3859962703     -3.272615922
0.242     0.8553349469     4.333624955     0.3857499055     0.385754335     0.3857984357     -3.279511675
0.2425     0.8560840869     4.335190145     0.3855536229     0.3855587595     0.3856021434     -3.286420751
0.243     0.8568267325     4.33672142     0.3853588553     0.3853647351     0.3854073404     -3.293345085
0.2435     0.8575627338     4.338218719     0.3851656377     0.3851723303     0.3852140877     -3.300286795
0.244     0.8582919908     4.339682442     0.3849739908     0.3849815891     0.3850224201     -3.307248241
0.2445     0.8590143276     4.341112159     0.3847839555     0.3847925282     0.3848323438     -3.314231967
0.245     0.8597296835     4.342508553     0.3845955401     0.3846052216     0.3846439202     -3.321240865
0.2455     0.8604379497     4.343871772     0.3844087655     0.3844196596     0.3844571247     -3.328278103
0.246     0.8611389553     4.345201255     0.3842236684     0.3842358933     0.3842719909     -3.335347158
0.2465     0.861832672     4.346497839     0.3840402454     0.3840539966     0.3840885713     -3.342452018
0.247     0.8625189032     4.347760587     0.3838585379     0.3838739517     0.3839068224     -3.349597033
0.2475     0.8631975963     4.34898994     0.3836785463     0.3836958763     0.3837268304     -3.356787214
0.248     0.8638686064     4.350185348     0.3835002948     0.3835197685     0.3835485548     -3.364028174
0.2485     0.8645318665     4.351346941     0.3833237836     0.3833457243     0.3833720432     -3.371326369
0.249     0.8651872712     4.352511326     0.3831490216     0.3831737812     0.3831972725     -3.378689184
0.2495     0.8658347618     4.353740098     0.3829760017     0.3830040336     0.3830242596     -3.386125191
0.25     0.8664741873     4.354929345     0.3828047384     0.3828365584     0.3828529818     -3.393644318
0.2505     0.8671510404     4.356772483     0.3826257961     0.3824140623     0.3826834752     -3.400609921
0.251     0.867815404     4.357456699     0.3824497288     0.3824774594     0.3824968537     -3.407648029
0.2515     0.8684717563     4.359114842     0.3822755979     0.3822809661     0.3823236616     -3.41470018
0.252     0.8691247185     4.360088323     0.3821024526     0.3820811784     0.3821514671     -3.421696653
0.2525     0.8697648609     4.361280603     0.3819322402     0.381964888     0.3819793073     -3.428778602
0.253     0.8704014989     4.362521335     0.3817630504     0.3817406743     0.3818120279     -3.435801938
0.2535     0.8710250947     4.363251768     0.3815968299     0.3816332466     0.3816438607     -3.4429207
0.254     0.8716451532     4.36475644     0.3814316475     0.3814081309     0.3814806093     -3.449977808
0.2545     0.8722519246     4.365196313     0.3812694731     0.3813102278     0.381316465     -3.457141802
0.255     0.8728550537     4.366793515     0.3811083726     0.3810836422     0.3811572988     -3.464240903
0.2555     0.8734497155     4.367400283     0.38094931     0.3809579134     0.3809972721     -3.471362588
0.256     0.8740357461     4.368694185     0.3807923237     0.3808018402     0.3808402474     -3.478509264
0.2565     0.8740357461     4.368694185     0.761370675     0.3808018402     0.3806853375     -3.485655941
0.257     0.8740357461     4.368694185     2.283998052     0.3808018402     1.141999026     -3.492802617
0.2575     0.8740357461     4.368694185     7.61335086     0.3808018402     3.80667543     -3.499949293
0.258     0.8740357461     4.368694185     25.88550734     0.3808018402     12.94275367     -3.507095969
0.2585     0.8740357461     4.368694185     88.31542762     0.3808018402     44.15771381     -3.514242645
0.259     0.8740357461     4.368694185     301.4907958     0.3808018402     150.7453979     -3.521389321
0.2595     0.8740357461     4.368694185     1029.332428     0.3808018402     514.666214     -3.528535997
