0.01     0.3424290004     24.92916032     0.9770146407     1.022841756     5     -0.04583843089
0.012     0.3662988197     22.64248416     0.9727547915     1.027375565     5     -0.0546307966
0.014     0.3865146602     20.85930111     0.9685948615     1.031901545     5     -0.06331211468
0.016     0.4038280223     19.418017     0.964530092     0.9644283486     0.9644849314     -0.07188794224
0.018     0.4187739471     18.22119043     0.960555985     0.9604597977     0.9605153226     -0.08036362775
0.02     0.4317506297     17.20620013     0.9566682848     0.9565774155     0.9566318779     -0.08874432351
0.022     0.4430644909     16.33112769     0.9528629629     0.9527771881     0.9528305847     -0.09703499725
0.024     0.4529575405     15.56663555     0.9491362024     0.949055313     0.949107641     -0.105240443
0.026     0.4616249186     14.89096002     0.945484385     0.9454081844     0.945459442     -0.1133652914
0.028     0.4692266471     14.28806819     0.9419040778     0.9418323818     0.9418825675     -0.1214140186
0.03     0.4758957913     13.74575665     0.9383920225     0.9383246578     0.9383737707     -0.129390956
0.0310044108     0.4789292156     13.49327413     0.9366530146     0.9329170284     0.9367125257     -0.133371262
0.03150615004     0.4803710375     13.37172208     0.9357903535     0.9339223032     0.9386390563     -0.1353533455
0.03137022146     0.4799851269     13.40436278     0.9360236682     0.9336691134     0.9378357291     -0.1348167734
0.03036424862     0.4770190711     13.65285776     0.937759494     0.934535547     0.9378022568     -0.1308363528
0.02936169967     0.4738614677     13.91283666     0.9395056718     0.9395025946     0.9395400707     -0.1268526569
0.0283728603     0.4705370854     14.18240653     0.9412442438     0.9412795562     0.9412941184     -0.122906477
0.02739122061     0.4670171585     14.46469585     0.942986514     0.9429974233     0.943036766     -0.1189718659
0.02641652946     0.463291173     14.75949305     0.9447329483     0.9447428043     0.9447829324     -0.1150476873
0.02544892236     0.4593493205     15.06922031     0.9464833227     0.9464935981     0.9465333016     -0.111134365
0.0244884262     0.4551806974     15.39412857     0.948237599     0.9482478958     0.9482875881     -0.1072319016
0.0254489178     0.4593493013     15.06922178     0.946483331     0.95389945     0.9465333311     -0.1111343465
0.02640940938     0.4632630707     14.76166567     0.9447457674     0.9447289178     0.9447790631     -0.1150189562
0.02737698148     0.4669644189     14.46890337     0.9430119082     0.9430223741     0.9430453948     -0.1189146643
0.02835158843     0.470463181     14.18846767     0.9412818242     0.9412922026     0.9413154428     -0.1228213981
0.02933320843     0.4737686639     13.92030456     0.939555537     0.9395659309     0.939589291     -0.1267391945
0.03032181721     0.4768895985     13.66348579     0.9378330668     0.9378434786     0.9378669592     -0.1306680927
0.03131738812     0.4798341928     13.41695385     0.9361144326     0.9361248652     0.9361484664     -0.1346081355
0.03231989214     0.4826101801     13.18007227     0.9343996517     0.9344101081     0.9344338299     -0.1385593686
0.03332929787     0.4852248604     12.9528301     0.9326887401     0.9326992234     0.9327230655     -0.1425218416
0.03434557159     0.487685137     12.73382334     0.9309817119     0.9309922256     0.9310161874     -0.1464956076
0.03536867721     0.4899975499     12.52265327     0.9292785799     0.9292891274     0.9293132082     -0.1504807238
0.03639857636     0.4921683036     12.31939814     0.9275793553     0.9275899401     0.927614139     -0.1544772511
0.03743522839     0.4942032942     12.12314892     0.9258840473     0.9258946734     0.9259189891     -0.1584852552
0.03847859038     0.4961081316     11.9332645     0.9241926637     0.9242033348     0.924227766     -0.1625048055
0.03952861723     0.4978881609     11.75011603     0.9225052106     0.9225159309     0.9225404758     -0.1665359767
0.04058526162     0.4995484808     11.57308513     0.9208216921     0.9208324657     0.9208571226     -0.1705788479
0.04164847414     0.5010939604     11.40164378     0.9191421109     0.9191529422     0.9191777089     -0.1746335031
0.04271820326     0.5025292543     11.23554749     0.9174664677     0.9174773611     0.9175022353     -0.1787000316
0.04379439542     0.5038588168     11.07451943     0.9157947616     0.9158057217     0.9158307007     -0.1827785279
0.04487699509     0.5050869136     10.91825407     0.9141269896     0.9141380212     0.9141631023     -0.1868690919
0.04596594481     0.5062176338     10.76683267     0.9124631474     0.9124742552     0.9124994353     -0.1909718292
0.04706118523     0.5072549002     10.6201506     0.9108032285     0.9108144175     0.9108396934     -0.1950868513
0.04816265522     0.5082024783     10.47741807     0.9091472247     0.9091585     0.9091838681     -0.1992142752
0.04927029191     0.5090639853     10.33824212     0.9074951263     0.907506493     0.9075319497     -0.2033542245
0.05038403075     0.5098428978     10.20378811     0.9058469215     0.905858385     0.9058839262     -0.2075068288
0.05150380559     0.5105425594     10.07249506     0.904202597     0.9042141627     0.9042397841     -0.2116722241
0.05262954879     0.5111661869     9.944839351     0.9025621376     0.902573811     0.9025995083     -0.2158505528
0.05376119122     0.5117168767     9.820588081     0.9009255265     0.9009373131     0.9009630817     -0.2200419644
0.05489866242     0.5121976109     9.699599629     0.8992927452     0.8993046508     0.8993304857     -0.2242466147
0.05604189062     0.5126112616     9.581427473     0.8976637735     0.8976758039     0.8977017     -0.2284646668
0.05719080286     0.5129605968     9.466851953     0.8960385898     0.8960507508     0.8960767028     -0.2326962908
0.05834532506     0.5132482841     9.354494172     0.8944171706     0.8944294681     0.8944554705     -0.2369416639
0.05950538209     0.5134768955     9.245180538     0.8927994912     0.8928119312     0.8928379783     -0.2412009707
0.0606708979     0.5136489113     9.138829101     0.8911855251     0.8911981138     0.8912241995     -0.2454744032
0.06184179557     0.5137667232     9.034667529     0.8895752445     0.889587988     0.8896141063     -0.2497621609
0.06301799741     0.5138326384     8.93270357     0.8879686204     0.8879815249     0.8880076694     -0.2540644512
0.06419942504     0.5138488824     8.833416858     0.8863656221     0.8863786938     0.8864048581     -0.2583814891
0.0653859995     0.5138176023     8.736730119     0.8847662178     0.8847794632     0.8848056404     -0.2627134973
0.06657764135     0.5137408695     8.642100878     0.8831703746     0.8831838     0.8832099832     -0.2670607068
0.0677742707     0.5136206822     8.549505569     0.8815780583     0.8815916702     0.8816178522     -0.2714233564
0.06897580739     0.5134589683     8.458914108     0.8799892336     0.8800030384     0.880029212     -0.2758016934
0.07018217099     0.5132575877     8.37028999     0.8784038642     0.8784178684     0.8784440262     -0.280195973
0.07139328095     0.5130183342     8.283590521     0.8768219129     0.8768361231     0.8768622573     -0.284606459
0.07260905669     0.5127429382     8.198767041     0.8752433415     0.8752577643     0.8752838671     -0.2890334235
0.07382941765     0.5124330684     8.115765232     0.873668111     0.8736827532     0.8737088166     -0.2934771473
0.07505428341     0.5120903338     8.034525445     0.8720961819     0.8721110501     0.8721370659     -0.2979379197
0.07628357376     0.5117162857     7.954983054     0.8705275137     0.8705426147     0.8705685745     -0.3024160389
0.07751720883     0.5113124192     7.877068874     0.8689620656     0.8689774061     0.8690033014     -0.3069118117
0.07875510909     0.5108801753     7.800709595     0.8673997961     0.8674153829     0.867441205     -0.3114255541
0.07999719554     0.5104209421     7.725828187     0.8658406633     0.8658565034     0.8658822434     -0.3159575907
0.08124338972     0.5099360567     7.652344439     0.8642846251     0.8643007255     0.8643263743     -0.3205082558
0.08249361381     0.5094268064     7.580175358     0.8627316391     0.8627480066     0.8627735551     -0.3250778923
0.08374779074     0.5088944306     7.509461092     0.8611816627     0.8611983044     0.861223743     -0.3296668529
0.08500584424     0.5083401216     7.440702167     0.8596346531     0.859651576     0.8596768953     -0.3342754996
0.08626769891     0.5077650263     7.373093678     0.8580905676     0.858107779     0.8581329692     -0.3389042039
0.08753328036     0.5071702475     7.306541228     0.8565493638     0.8565668708     0.8565919219     -0.3435533469
0.0888025152     0.506556845     7.240949823     0.8550109991     0.855028809     0.8550537109     -0.3482233199
0.09007533121     0.505925837     7.176505803     0.8534754313     0.8534935515     0.8535182938     -0.3529145236
0.09135165733     0.5052782007     7.114092884     0.8519426187     0.8519610566     0.8519856289     -0.3576273693
0.0926314238     0.5046148744     7.052432587     0.8504125199     0.850431283     0.8504556744     -0.3623622783
0.09391456217     0.5039367577     6.991425788     0.8488850939     0.8489041898     0.8489283895     -0.3671196823
0.09520100544     0.5032447128     6.93166614     0.8473603005     0.8473797369     0.8474037338     -0.3719000237
0.09649068809     0.5025395659     6.873587847     0.8458381001     0.845857885     0.8458816675     -0.3767037556
0.09778354615     0.5018221076     6.815931982     0.8443184541     0.8443385952     0.8443621519     -0.3815313421
0.09907951727     0.5010930944     6.758846896     0.8428013243     0.8428218299     0.8428451488     -0.3863832586
0.1003785408     0.5003532489     6.703937327     0.841286674     0.8413075522     0.8413306213     -0.3912599918
0.1016805579     0.4996032617     6.649207033     0.8397744671     0.8397957263     0.8398185332     -0.39616204
0.1029855115     0.4988437912     6.595046088     0.838264669     0.8382863177     0.8383088497     -0.4010899135
0.1042933464     0.4980754653     6.542840611     0.836757246     0.836779293     0.8368015372     -0.4060441348
0.1056040095     0.4972988816     6.490566057     0.835252166     0.8352746202     0.8352965633     -0.4110252389
0.1069174496     0.4965146086     6.439521783     0.8337493982     0.8337722687     0.8337938971     -0.4160337736
0.1082336177     0.4957231861     6.389518935     0.8322489132     0.8322722093     0.8322935092     -0.4210702995
0.1095524667     0.4949251263     6.339251417     0.8307506832     0.8307744145     0.8307953716     -0.4261353912
0.1108739522     0.4941209143     6.291406875     0.8292546823     0.8292788586     0.8292994583     -0.4312296368
0.1121980316     0.4933110085     6.243083721     0.827760886     0.8277855175     0.8278057448     -0.4363536387
0.1135246651     0.4924958419     6.196198186     0.8262692721     0.8262943691     0.8263142085     -0.4415080141
0.1148538149     0.4916758222     6.149740405     0.82477982     0.8248053933     0.8248248289     -0.446693395
0.1161854461     0.4908513326     6.10384329     0.8232925114     0.8233185718     0.8233375874     -0.4519104294
0.1175195261     0.4900227324     6.059110061     0.8218073298     0.8218338889     0.8218524676     -0.4571597812
0.1188560251     0.4891903573     6.01427534     0.8203242614     0.8203513309     0.8203694553     -0.4624421309
0.1201949159     0.4883545205     5.971116408     0.8188432945     0.8188708865     0.8188885389     -0.4677581763
0.1215361741     0.4875155125     5.927411059     0.8173644198     0.8173925469     0.8174097089     -0.4731086331
0.1228797784     0.4866736023     5.885668194     0.8158876308     0.815916306     0.8159329585     -0.4784942352
0.12422571     0.4858290371     5.843151848     0.8144129235     0.8144421603     0.8144582837     -0.4839157359
0.1255739536     0.4849820435     5.802660357     0.8129402966     0.8129701091     0.812985683     -0.4893739083
0.1269244966     0.4841328272     5.761385027     0.8114697521     0.8115001547     0.8115151582     -0.4948695461
0.1282773299     0.483281574     5.721975344     0.8100012945     0.8100323025     0.8100467137     -0.5004034645
0.1296324476     0.4824284499     5.681985279     0.8085349319     0.8085665609     0.8085803574     -0.5059765011
0.1309898471     0.4815736013     5.643484544     0.8070706755     0.8071029419     0.8071161002     -0.5115895165
0.1323495293     0.4807171554     5.604816198     0.8056085399     0.8056414608     0.8056539566     -0.5172433957
0.1337114988     0.4798592207     5.56704983     0.8041485434     0.8041821365     0.8041939447     -0.5229390488
0.1350757638     0.4789998871     5.529731911     0.8026907078     0.8027249918     0.8027360861     -0.5286774123
0.1364423362     0.478139226     5.492525165     0.8012350591     0.8012700533     0.8012804065     -0.5344594502
0.137811232     0.4772772908     5.456578785     0.7997816271     0.7998173517     0.7998269356     -0.5402861549
0.1391824712     0.4764141169     5.419758238     0.7983304461     0.7983669222     0.7983757071     -0.5461585492
0.1405560778     0.475549722     5.385197132     0.7968815544     0.7969188042     0.7969267594     -0.5520776869
0.1419320804     0.4746841058     5.349677877     0.7954349953     0.795473042     0.7954801355     -0.5580446547
0.1433105118     0.4738172508     5.315422919     0.7939908168     0.7940296846     0.7940358829     -0.5640605737
0.1446914096     0.4729491217     5.281351922     0.792549072     0.7925887863     0.7925940544     -0.5701266009
0.1460748158     0.4720796661     5.247089448     0.7911098193     0.7911504066     0.7911547082     -0.5762439311
0.1474607779     0.4712088139     5.214465012     0.7896731226     0.789714611     0.7897179077     -0.5824137985
0.148849348     0.4703364775     5.180962235     0.7882390517     0.7882814704     0.7882837223     -0.5886374791
0.1502405837     0.4694625519     5.148842912     0.7868076824     0.7868510622     0.7868522277     -0.5949162921
0.1516345483     0.4685869144     5.116833573     0.7853790972     0.7854234705     0.7854235057     -0.6012516027
0.1530313104     0.4677094248     5.084312365     0.7839533852     0.7839987859     0.7839976449     -0.6076448242
0.1544309448     0.4668299245     5.053780192     0.7825306426     0.7825771066     0.7825747413     -0.6140974205
0.1558335326     0.4659482373     5.022449942     0.7811109734     0.7811585383     0.781154898     -0.6206109089
0.157239161     0.4650641685     4.991625675     0.7796944894     0.7797431947     0.7797382265     -0.6271868624
0.1586479242     0.4641775045     4.961803493     0.7782813107     0.7783311982     0.7783248463     -0.6338269135
0.1600599232     0.463288013     4.931209429     0.7768715666     0.7769226802     0.776914886     -0.6405327566
0.1614752664     0.4623954424     4.901854563     0.7754653957     0.7755177818     0.7755084836     -0.647306152
0.1628940699     0.4614995211     4.872791551     0.7740629466     0.7741166542     0.7741057869     -0.6541489289
0.1643164575     0.4605999572     4.842983527     0.7726643787     0.7727194594     0.7727069546     -0.66106299
0.1657425617     0.4596964383     4.814863883     0.7712698627     0.7713263709     0.7713121566     -0.6680503149
0.1671725234     0.4587886304     4.786602106     0.7698795814     0.7699375747     0.7699215746     -0.6751129646
0.1686064927     0.4578761774     4.757622588     0.7684937304     0.7685532696     0.7685354036     -0.6822530866
0.1700446296     0.4569587005     4.730500376     0.7671125192     0.7671736687     0.7671538518     -0.6894729192
0.1714871036     0.4560357972     4.703074788     0.765736172     0.7657989998     0.7657771425     -0.6967747973
0.1729340952     0.4551070407     4.6749589     0.7643649289     0.7644295068     0.7644055144     -0.7041611574
0.1743857956     0.4541719788     4.648595718     0.7629990467     0.763065451     0.7630392234     -0.7116345443
0.175842408     0.4532301327     4.622034339     0.7616388006     0.7617071118     0.761678543     -0.719197617
0.1773041474     0.4522809963     4.594810114     0.7602844853     0.7603547888     0.7603237666     -0.7268531553
0.178771242     0.4513240346     4.568969844     0.7589364165     0.7590088027     0.7589752084     -0.7346040676
0.1802439331     0.4503586827     4.543294156     0.7575949328     0.7576694974     0.7576332052     -0.7424533978
0.1817224765     0.4493843441     4.516982998     0.756260397     0.7563372415     0.7562981182     -0.750404334
0.1832071426     0.4484003895     4.491434599     0.7549331989     0.7550124307     0.7549703349     -0.7584602167
0.1846982177     0.4474061549     4.466660154     0.7536137568     0.7536954896     0.7536502717     -0.7666245481
0.1861960043     0.4464009403     4.441277553     0.7523025199     0.7523868743     0.7523383756     -0.7749010016
0.1877008222     0.4453840074     4.415797704     0.7509999718     0.7510870753     0.7510351275     -0.7832934317
0.1892130095     0.444354578     4.39193501     0.7497066324     0.7497966198     0.7497410449     -0.7918058847
0.1907329229     0.4433118316     4.367491562     0.7484230618     0.7485160758     0.748456685     -0.80044261
0.1922609391     0.4422549037     4.342448292     0.747149864     0.7472460549     0.7471826485     -0.8092080708
0.1937974553     0.4411828831     4.31892292     0.7458876902     0.7459872169     0.7459195835     -0.8181069565
0.1953428903     0.4400948099     4.295425741     0.744637244     0.7447402734     0.74466819     -0.8271441947
0.1968976852     0.4389896728     4.271358091     0.7433992858     0.7435059934     0.7434292245     -0.8363249627
0.1984623039     0.4378664068     4.247435122     0.7421746383     0.7422852078     0.7422035056     -0.8456547001
0.2000372341     0.436723891     4.224889829     0.7409641926     0.7410788158     0.7409919199     -0.8551391202
0.2016229876     0.4355609456     4.201804797     0.7397689147     0.7398877907     0.7397954285     -0.8647842208
0.2032201004     0.4343763304     4.178164504     0.7385898528     0.7387131874     0.7386150747     -0.8745962939
0.2048291327     0.4331687422     4.155710108     0.7374281453     0.7375561495     0.7374519913     -0.8845819338
0.2064506688     0.4319368133     4.133617203     0.7362850298     0.736417918     0.7363074102     -0.8947480422
0.2080853158     0.4306791104     4.111005229     0.7351618525     0.73529984     0.7351826716     -0.9051018298
0.209733702     0.4293941342     4.087862252     0.7340600791     0.7342033786     0.7340792348     -0.9156508132
0.2113964749     0.4280803199     4.066655149     0.7329813062     0.7331301228     0.7329986898     -0.9264028052
0.2130742973     0.4267360389     4.045093821     0.7319272734     0.732081799     0.7319427695     -0.9373658965
0.2147678425     0.4253596028     4.023047954     0.7308998769     0.731060282     0.7309133633     -0.9485484262
0.216477788     0.4239492693     4.000824953     0.729901183     0.7300676067     0.729912531     -0.9599589384
0.2182048067     0.4225032505     3.980354094     0.7289334427     0.7291059798     0.7289425175     -0.9716061206
0.2199495561     0.4210197266     3.959456255     0.7279991062     0.7281777912     0.7280057671     -0.9834987194
0.2217126635     0.4194968622     3.938133793     0.7271008364     0.7272856238     0.7271049386     -0.9956454287
0.2234947085     0.4179328298     3.916789031     0.7262415222     0.7264322623     0.7262429182     -1.008054744
0.2252962008     0.4163258403     3.897124809     0.7254242888     0.7256206986     0.7254228304     -1.020734773
0.2271175529     0.4146741809     3.877121539     0.7246525044     0.7248541339     0.7246480462     -1.033693008
0.2289590472     0.4129762636     3.856798058     0.7239297814     0.7241359745     0.7239221849     -1.046936026
0.2308207982     0.4112306847     3.836219211     0.7232599697     0.7234698213     0.7232491084     -1.060469149
0.2327027079     0.4094362953     3.817700006     0.7226471389     0.72285945     0.7226329054     -1.074296025
0.2346044162     0.4075922849     3.798991032     0.7220955468     0.7223087807     0.7220778607     -1.088418156
0.2365252484     0.4056982752     3.780136021     0.7216095905     0.7218218349     0.7215884079     -1.102834371
0.2384641604     0.4037544225     3.761187677     0.721193736     0.7214026793     0.7211690601     -1.117540262
0.2404196881     0.4017615242     3.743451001     0.7208524251     0.7210553549     0.7208243178     -1.132527627
0.2423899039     0.3997211205     3.726670455     0.7205899578     0.7207837935     0.7205585507     -1.147783952
0.2443723898     0.3976355823     3.710000617     0.7204103515     0.7205917207     0.7203758559     -1.163292003
0.2463642322     0.3955081729     3.693520245     0.7203171834     0.7204825507     0.7202798976     -1.179029604
0.2483620479     0.3933430695     3.67731451     0.7203134239     0.7204592727     0.7202737358     -1.194969663
0.2503620444     0.3911307254     3.662394938     0.7204075539     0.7205430239     0.7203596603     -1.211097752
0.2523598329     0.3888417203     3.648683249     0.7206176253     0.7207564412     0.72055158     -1.227418457
0.2543488668     0.3865315757     3.635381712     0.7209247215     0.7209828914     0.7208767761     -1.243819846
0.256325447     0.384209379     3.621943327     0.7213267729     0.7213564114     0.7212798949     -1.260262323
0.2582853136     0.3818823277     3.610724656     0.7218218307     0.7218212023     0.7217754246     -1.27670393
0.2602244075     0.3795577183     3.600097119     0.7224069107     0.7223763727     0.7223616414     -1.293103263
0.2621391468     0.3772400432     3.589684276     0.7230795873     0.7230239375     0.7230346422     -1.309425631
0.2640260885     0.3749389086     3.58041354     0.7238337494     0.7237480719     0.7237924982     -1.325629626
0.2658832504     0.3726620195     3.572825304     0.7246629759     0.7245559008     0.7246260093     -1.341685851
0.2677094762     0.3704088882     3.565529595     0.7255651514     0.7254496195     0.7255283894     -1.357582834
0.2695026057     0.3681874155     3.558702901     0.726532863     0.7263946754     0.7265009768     -1.373289597
0.2712626537     0.3660025488     3.553126382     0.7275594021     0.7274123805     0.7275327213     -1.388794265
0.272990278     0.3638515883     3.548753611     0.7286430619     0.7284995071     0.7286170302     -1.404101896
0.2746845558     0.3617424614     3.544837367     0.7297749459     0.7296145214     0.7297558049     -1.419189676
0.276347584     0.3596726363     3.541328867     0.7309528416     0.7308032524     0.7309359533     -1.434072786
0.2779796711     0.3576417582     3.538460991     0.7321736391     0.7320236879     0.7321588223     -1.448751071
0.2795812091     0.355655327     3.537157372     0.7334295112     0.7332722769     0.7334215857     -1.463214952
0.2811550285     0.3537095381     3.536242762     0.7347195987     0.7345793651     0.7347136475     -1.477487947
0.2827017783     0.3518051549     3.535744509     0.7360400435     0.7359002362     0.7360374966     -1.49157098
0.2842228837     0.3499418598     3.535684926     0.7373878318     0.7372539513     0.7373885959     -1.505472435
0.2857198043     0.3481191706     3.536082702     0.7387602433     0.7386328857     0.738764191     -1.519201482
0.2871939976     0.3463364991     3.537679343     0.740154815     0.7400343127     0.7401618179     -1.532767709
0.2886469027     0.3445931857     3.539757444     0.7415693164     0.7414558681     0.7415792483     -1.54618094
0.2900799286     0.3428885257     3.542247747     0.743001725     0.742895429     0.743014464     -1.559451097
0.2914944467     0.3412234468     3.545140044     0.7444484947     0.7443469674     0.7444656339     -1.572584867
0.292892631     0.3395929063     3.548470303     0.7459122425     0.7458285491     0.7459285579     -1.585606427
0.294274084     0.3379997869     3.552242036     0.7473880234     0.7472973387     0.7474084747     -1.598506644
0.2956408645     0.3364424357     3.556462598     0.7488752679     0.7487972296     0.7488981299     -1.611302649
0.2969941814     0.334920145     3.561319335     0.7503727115     0.750301652     0.7503978621     -1.62400395
0.2983351834     0.3334322539     3.566759378     0.7518791739     0.7518148656     0.7519065288     -1.636619717
0.2996649767     0.3319781348     3.572598514     0.7533935623     0.7533358833     0.7534230446     -1.649158923
0.3009846275     0.3305558059     3.57881461     0.754916561     0.7548675996     0.7549464003     -1.661633269
0.302294329     0.3291683879     3.585462006     0.7564428634     0.7563898929     0.7564780774     -1.674037588
0.3035967385     0.3278109011     3.592498563     0.7579768586     0.7579464369     0.7580106676     -1.68640177
0.3048911774     0.3264872079     3.599952078     0.7595124511     0.7594721669     0.759551466     -1.698712911
0.306180211     0.325192648     3.607793367     0.7610540931     0.7610359317     0.7610916314     -1.711000189
0.3074631225     0.3239297359     3.616022562     0.7625974492     0.7625714747     0.7626384132     -1.723253405
0.3087415974     0.3226961543     3.624611319     0.7641443665     0.7641321924     0.764185468     -1.73549069
0.3100157078     0.3214946848     3.63359165     0.7656899097     0.7656738876     0.7657360028     -1.747707049
0.3112879016     0.3203212773     3.642937313     0.7672385647     0.7672441759     0.7672831281     -1.759930722
0.3125574308     0.3191782899     3.652927378     0.7687861553     0.7687841214     0.7688339759     -1.77215175
0.3138258915     0.3180648207     3.663261168     0.7703329541     0.7703425926     0.7703824435     -1.784385289
0.315094102     0.3169797207     3.673943921     0.7718798976     0.7718973911     0.7719294476     -1.796641492
0.3163620918     0.3159255069     3.684902046     0.77342229     0.773436419     0.773476572     -1.808915963
0.3176321834     0.3148980089     3.696132775     0.7749659453     0.7750028141     0.775017239     -1.821238007
0.3189029098     0.3139018065     3.707828784     0.7765029219     0.7765237338     0.7765603722     -1.833586853
0.3201772985     0.3129333697     3.720141512     0.7780382501     0.7780854772     0.7780943282     -1.845996397
0.3214546768     0.3119947476     3.732619085     0.7795680341     0.7796088336     0.7796271799     -1.858458276
0.32273656     0.3110847085     3.745256061     0.7810938975     0.7811481228     0.7811532133     -1.870989575
0.3240230372     0.3102046897     3.75874363     0.7826128615     0.7826666302     0.7826752292     -1.883589575
0.3253156241     0.3093515467     3.772234202     0.784130596     0.7842022064     0.7841890394     -1.896280896
0.3266123837     0.3085223784     3.78638824     0.7856535964     0.7857216652     0.7857032301     -1.909058853
0.3279089625     0.3077290973     3.800798133     0.7871584118     0.7871757785     0.7872263845     -1.921858872
0.3292144514     0.3069656373     3.815622025     0.7886561447     0.7887470736     0.7887235683     -1.93477418
0.330528592     0.3062336446     3.830902298     0.7901433709     0.7902316007     0.7902138033     -1.947801146
0.3318529013     0.3055331589     3.846467738     0.791619906     0.791720747     0.7916921053     -1.960955488
0.3331882816     0.3048646254     3.862243508     0.7930848263     0.7931936149     0.7931587846     -1.974246993
0.3345356338     0.3042281583     3.878480498     0.7945381677     0.7946563668     0.7946128798     -1.987687251
0.3358953546     0.3036249671     3.895046723     0.7959772523     0.7960982322     0.7960548508     -2.001279487
0.3372689142     0.3030553702     3.911900049     0.7974015607     0.7975353028     0.7974809834     -2.015039431
0.3386572478     0.302519446     3.929012521     0.7988116904     0.7989567607     0.7988911891     -2.028980967
0.3400604042     0.3020188205     3.946619459     0.8002036372     0.8003476799     0.8002868754     -2.043102493
0.3414802778     0.3015536109     3.964441001     0.8015778321     0.8017397507     0.8016621679     -2.057426
0.3429174196     0.3011249116     3.982510723     0.8029316814     0.8030982031     0.8030187395     -2.071956876
0.3443731899     0.3007330499     4.000851948     0.8042655138     0.8044472002     0.8043530796     -2.086713631
0.3458478128     0.3003792348     4.019395245     0.8055762894     0.8057601432     0.8056666198     -2.101698586
0.3473426316     0.3000641839     4.03815044     0.8068626743     0.8070592148     0.8069550169     -2.116927097
0.3488585805     0.2997887248     4.057240656     0.8081229033     0.8083289527     0.8082172429     -2.132410549
0.3503965496     0.2995536409     4.076327648     0.809355638     0.8095722102     0.809451438     -2.148161551
0.3519571186     0.299359828     4.09567783     0.8105586241     0.810782006     0.8106564874     -2.164188105
0.3535411157     0.2992080808     4.115118265     0.8117293405     0.8119604888     0.8118296701     -2.180499379
0.3551494991     0.2990991154     4.134591303     0.8128666975     0.813110478     0.8129680806     -2.19711051
0.3567824644     0.2990336047     4.154044032     0.8139673184     0.814212639     0.8140714374     -2.214022985
0.3584409294     0.299012153     4.173536017     0.8150299674     0.8152877594     0.8151351261     -2.231251707
0.3601249043     0.2990351793     4.192934095     0.8160517071     0.8163108598     0.8161589616     -2.248797947
0.3618347826     0.2991030374     4.212211152     0.8170306118     0.8172967547     0.8171391636     -2.266669879
0.3635704676     0.2992157553     4.231262845     0.8179639953     0.8182307122     0.8180742907     -2.284867831
0.3653319247     0.2993733147     4.250081884     0.8188499176     0.8191200429     0.8189612381     -2.303395613
0.3671186668     0.2995754741     4.268578493     0.8196863046     0.8199559002     0.8197985569     -2.322252242
0.3689300318     0.2998213966     4.28666032     0.8204706795     0.8207348926     0.8205842178     -2.341430846
0.3707653462     0.3001104154     4.304341379     0.8212015957     0.8214646394     0.8213154253     -2.360929713
0.372623418     0.3004411838     4.321509637     0.8218771907     0.822131201     0.8219915751     -2.380737594
0.3745030267     0.3008123089     4.338071331     0.8224962402     0.822742949     0.8226106166     -2.400845381
0.3764026511     0.3012218188     4.353982419     0.8230575744     0.8232920869     0.8231718817     -2.421238056
0.3783206641     0.301667715     4.369251528     0.8235605952     0.8237838397     0.8236743424     -2.441901767
0.3802552393     0.3021474525     4.383721662     0.8240049118     0.8242128769     0.8241179597     -2.462817829
0.3822044895     0.3026586524     4.397399547     0.8243906884     0.8245855362     0.8245025988     -2.483970217
0.3841664354     0.3031981989     4.410251342     0.8247182983     0.8248950369     0.8248289775     -2.505336883
0.3861391222     0.3037632332     4.422222305     0.8249886255     0.8251501208     0.8250977017     -2.526899286
0.388120604     0.3043506586     4.433296878     0.825202868     0.8253479514     0.8253101579     -2.548637488
0.3901090151     0.304957334     4.443449706     0.8253625552     0.8254916864     0.8254678598     -2.570532132
0.3921025966     0.3055801215     4.452718063     0.8254695059     0.8255834012     0.8255726576     -2.592564742
0.3940997247     0.3062159326     4.461057352     0.825525784     0.8256254355     0.825626647     -2.614718059
0.3960989311     0.3068616565     4.468520675     0.8255336831     0.8256194594     0.8256321206     -2.636975274
0.3980989155     0.3075146448     4.475056299     0.8254955536     0.8255713287     0.8255915853     -2.659324278
0.4000985522     0.3081720529     4.480744062     0.8254139389     0.825478609     0.8255074308     -2.681751628
0.4020968884     0.3088313189     4.485568717     0.825291419     0.8253472944     0.8253823773     -2.704246679
0.4040931399     0.3094900584     4.489572649     0.8251306013     0.825179125     0.825219027     -2.726800536
0.4060866814     0.3101460713     4.492778307     0.8249340888     0.8249766465     0.8250200018     -2.749405981
0.4080770347     0.3107974264     4.495239443     0.8247044034     0.8247430298     0.8247878906     -2.772058261
0.4100638493     0.3114421932     4.496962435     0.8244441177     0.8244784588     0.8245251264     -2.794752194
0.4120469044     0.3120787897     4.49802067     0.8241556352     0.8241883438     0.8242343244     -2.817485814
0.4140260718     0.3127056364     4.498418549     0.8238413887     0.8238718876     0.8239177183     -2.840256453
0.4160013285     0.3133214673     4.498211746     0.8235036176     0.8235342969     0.8235777632     -2.863064347
0.4179727132     0.3139250155     4.497431463     0.82314458     0.8231746666     0.8232165087     -2.88590879
0.4199403469     0.3145153487     4.496104464     0.8227662793     0.8227985494     0.8228362256     -2.908792455
0.4219043765     0.3150914548     4.494272026     0.8223707915     0.8224035304     0.8224386715     -2.931715928
0.4238650213     0.3156525639     4.49197376     0.8219599915     0.8219951985     0.8220259853     -2.954682234
0.4258225159     0.3161978958     4.489227568     0.821535772     0.8215723867     0.8215998515     -2.977693108
0.4277771424     0.3167268312     4.486097242     0.8210998823     0.8211390396     0.8211621741     -3.000751669
0.4297291928     0.3172389166     4.482585235     0.8206538959     0.8206968721     0.8207145671     -3.023862597
0.4316789524     0.3177336345     4.478730946     0.82019946     0.8202444678     0.8202584329     -3.047028398
0.4336267471     0.3182105962     4.474559784     0.8197380901     0.8197861612     0.8197954822     -3.070252839
0.4355728964     0.3186695085     4.470112859     0.8192711896     0.8193228427     0.8193271098     -3.093540326
0.4375177108     0.3191100968     4.465406053     0.8188001444     0.8188547714     0.8188546093     -3.116894527
0.4394615082     0.3195321455     4.460474745     0.8183262742     0.8183839975     0.8183793455     -3.140319263
0.4414046011     0.3199354904     4.455329471     0.8178508384     0.81791165     0.8179025758     -3.163818352
0.4433472935     0.3203200369     4.450006963     0.8173750031     0.8174393488     0.8174255006     -3.18739616
0.4452898711     0.3206857047     4.444529619     0.8168999233     0.8169671487     0.816949196     -3.211056258
0.4472326166     0.3210324566     4.438907593     0.8164267002     0.8164968218     0.8164748025     -3.234802241
0.4491757993     0.3213603108     4.4331737     0.8159563541     0.8160297246     0.8160033705     -3.25863814
0.4511196663     0.3216692848     4.427352917     0.8154899259     0.8155654497     0.8155358425     -3.282566645
0.4530644635     0.3219594785     4.421448157     0.8150283163     0.8151073378     0.8150732745     -3.306592102
0.4550103995     0.3222309756     4.415488844     0.8145724788     0.8146533291     0.8146164364     -3.330716808
0.4569576858     0.3224839305     4.409487547     0.8141232375     0.8142072346     0.8141663251     -3.354944684
0.4589064972     0.3227184808     4.403467178     0.8136814846     0.8137666316     0.8137236443     -3.379277199
0.4608570133     0.3229348369     4.397435644     0.8132479647     0.8133359536     0.8132893453     -3.403717902
0.4628093721     0.3231332133     4.391418472     0.8128234391     0.8129130499     0.8128640353     -3.428268846
0.4647637041     0.3233138545     4.385431297     0.812408625     0.8124997981     0.8124484845     -3.452932009
0.4667201198     0.3234770369     4.379478404     0.8120041799     0.8120970922     0.8120433686     -3.477709589
0.4686787062     0.3236230599     4.373577918     0.8116107258     0.8117051205     0.8116492861     -3.502603467
0.4706395325     0.3237522394     4.367745285     0.8112288943     0.8113235411     0.8112668217     -3.527614009
0.4726026582     0.3238649326     4.361987731     0.8108591902     0.8109557354     0.8108966151     -3.55274361
0.4745681085     0.3239615086     4.35632508     0.8105021458     0.8105988454     0.8105390483     -3.577992512
0.476535903     0.3240423655     4.350760874     0.8101582181     0.8102556851     0.8101946756     -3.603361713
0.4785060381     0.3241079234     4.345307697     0.8098278359     0.8099254944     0.8098638812     -3.628851498
0.4804784959     0.3241586251     4.33997576     0.8095113724     0.8096093765     0.8095470643     -3.654462341
0.4824532411     0.3241949365     4.334777797     0.809209178     0.8093067231     0.809244542     -3.680193721
0.4844302265     0.3242173408     4.329718546     0.8089215178     0.8090196551     0.8089566408     -3.706046412
0.4864093853     0.3242263445     4.324805344     0.8086486528     0.8087459656     0.8086835414     -3.732019436
0.4883906441     0.3242224731     4.320047071     0.8083907852     0.8084874977     0.8084254983     -3.758112089
0.4903739165     0.3242062678     4.315449983     0.8081480637     0.8082442932     0.8081826556     -3.784323808
0.4923591047     0.3241782852     4.311019128     0.8079205924     0.8080161848     0.8079551078     -3.81065384
0.494346103     0.3241390994     4.306762881     0.8077084355     0.8078030119     0.8077429137     -3.837100957
0.4963347992     0.3240892947     4.302684175     0.8075116052     0.8076053311     0.8075460973     -3.863664135
0.4983250747     0.32402947     4.298786588     0.8073300734     0.8074226022     0.8073646187     -3.890341917
0.500316807     0.3239602306     4.295073995     0.8071637622     0.8072552742     0.8071984086     -3.917133068
0.5023098709     0.323882193     4.291549022     0.8070125534     0.8071027478     0.8070473398     -3.944035976
0.5043041398     0.323795976     4.288214275     0.8068762825     0.8069653566     0.8069112532     -3.971049271
0.5062994869     0.3237022058     4.285073319     0.8067547458     0.806842443     0.8067899379     -3.998171264
0.5082957871     0.3236015034     4.282124145     0.8066476953     0.8067344421     0.806683151     -4.025400791
0.5102929178     0.3234944998     4.279367597     0.8065548501     0.8066399971     0.8065906004     -4.052735882
0.51229076     0.3233818169     4.276804281     0.8064758886     0.8065598912     0.8065119719     -4.080175127
0.5142891997     0.3232640687     4.274434272     0.8064104547     0.8064935267     0.8064469035     -4.107717381
0.5162881285     0.3231418734     4.272254991     0.8063581617     0.8064397432     0.8063950047     -4.135360803
0.5182874445     0.3230158339     4.270264761     0.8063185912     0.8063991381     0.8063558585     -4.163104114
0.5202870529     0.3228865396     4.268462667     0.8062912979     0.806371043     0.806329015     -4.190946324
0.5222868666     0.3227545783     4.266842879     0.8062758106     0.8063542669     0.8063140019     -4.218885837
0.5242868066     0.322620514     4.265405345     0.8062716361     0.8063494239     0.8063103223     -4.246921823
0.5262868023     0.3224849022     4.264144094     0.8062782605     0.8063551     0.8063174616     -4.275053106
0.5282867913     0.3223482785     4.26305652     0.8062951528     0.8063713016     0.8063348849     -4.303278828
0.53028672     0.3222111605     4.26213648     0.8063217674     0.8063973051     0.8063620446     -4.331598226
0.5322865429     0.3220740493     4.261380675     0.8063575452     0.8064323987     0.8063983805     -4.36001045
0.5342862229     0.3219374202     4.260782473     0.80640192     0.806476487     0.8064433204     -4.388515138
0.5362857307     0.3218017298     4.26033712     0.8064543175     0.806528515     0.8064962911     -4.417111827
0.5382850443     0.3216674152     4.260039449     0.8065141571     0.8065879217     0.80655671     -4.445799972
0.5402841491     0.3215348876     4.259881787     0.8065808573     0.8066544183     0.8066239905     -4.474579315
0.5422830368     0.3214045323     4.259859087     0.8066538384     0.8067274     0.8066975503     -4.503449846
0.5442817051     0.3212767153     4.259963871     0.8067325195     0.8068058727     0.8067768114     -4.5324113
0.5462801571     0.3211517753     4.260190577     0.806816326     0.8068896751     0.8068611922     -4.561463661
0.5482784008     0.3210300244     4.260531545     0.8069046913     0.806978214     0.8069501238     -4.590607135
0.5502764482     0.3209117534     4.260980329     0.8069970535     0.8070705475     0.8070430478     -4.619841676
0.5522743147     0.3207972241     4.261529941     0.8070928644     0.8071666205     0.8071394073     -4.649167598
0.5542720188     0.3206866753     4.262172857     0.8071915858     0.8072655149     0.8072386675     -4.678585103
0.5562695812     0.3205803218     4.262902465     0.8072926913     0.8073667192     0.8073403002     -4.708094304
0.5582670243     0.3204783477     4.263711721     0.8073956757     0.8074702609     0.8074437908     -4.737695877
0.5602643714     0.3203809197     4.264592939     0.8075000419     0.8075746561     0.8075486552     -4.767389848
0.5622616466     0.3202881772     4.265540048     0.8076053136     0.8076801998     0.8076544044     -4.797176541
0.5642588743     0.3202002333     4.266545294     0.8077110359     0.8077863903     0.8077605828     -4.827056523
0.5662560781     0.3201171803     4.267602097     0.8078167702     0.807892389     0.8078667568     -4.857030109
0.5682532812     0.3200390875     4.268703695     0.8079220987     0.8079979861     0.8079725045     -4.88709762
0.5702505057     0.3199660013     4.269843385     0.8080266258     0.8081028641     0.8080774282     -4.917259478
0.5722477723     0.3198979479     4.271014779     0.8081299754     0.8082063851     0.8081811551     -4.947515883
0.5742451     0.3198349298     4.272211427     0.8082317989     0.8083086968     0.8082833282     -4.977867427
0.5762425061     0.3197769327     4.273427313     0.8083317654     0.8084088042     0.8083836264     -5.008314272
0.578240006     0.3197239216     4.274656785     0.8084295697     0.8085068972     0.8084817365     -5.038856764
0.5802376129     0.319675844     4.275893638     0.808524929     0.8086024523     0.8085773792     -5.069495134
0.582235338     0.3196326292     4.277132778     0.8086175863     0.8086954238     0.808670294     -5.100229759
0.5842331902     0.3195941909     4.278368787     0.8087073069     0.8087853598     0.8087602495     -5.131060895
0.5862311765     0.3195604281     4.27959674     0.8087938778     0.8088720084     0.8088470334     -5.161988628
0.5882293017     0.3195312247     4.280811994     0.8088771131     0.8089555461     0.8089304546     -5.193013322
0.5902275687     0.3195064522     4.282010109     0.8089568466     0.8090353286     0.8090103543     -5.224135027
0.5922259785     0.3194859696     4.283186936     0.8090329382     0.8091116733     0.8090865859     -5.255354047
0.5942245303     0.3194696254     4.284338684     0.8091052669     0.8091840325     0.8091590352     -5.286670412
0.5962232218     0.3194572582     4.285461752     0.8091737366     0.8092527165     0.8092276007     -5.318084378
0.5982220493     0.3194486979     4.286553068     0.8092382702     0.8093173127     0.8092922109     -5.349596014
0.6002210077     0.3194437671     4.287609392     0.8092988123     0.8093779617     0.8093528081     -5.381205445
0.6022200911     0.3194422816     4.288628384     0.8093553279     0.809434648     0.8094093581     -5.412912875
0.6042192923     0.3194440523     4.28960744     0.8094077994     0.8094871497     0.8094618468     -5.444718336
0.6062186038     0.3194488855     4.290544616     0.8094562299     0.8095357739     0.8095102739     -5.47662206
0.6082180173     0.3194565845     4.291438111     0.8095006375     0.8095802323     0.8095546629     -5.508624106
0.6102175241     0.3194669504     4.292286443     0.8095410585     0.8096208239     0.8095950472     -5.540724678
0.6122171156     0.319479783     4.293088438     0.8095775441     0.8096574567     0.8096314811     -5.572923954
0.6142167828     0.3194948818     4.293843136     0.8096101598     0.8096902045     0.8096640312     -5.605222093
0.6162165168     0.3195120471     4.294549819     0.8096389852     0.8097192319     0.8096927766     -5.637619342
0.618216309     0.3195310806     4.295208162     0.8096641122     0.8097445604     0.8097178115     -5.670115946
0.6202161512     0.3195517864     4.295817871     0.8096856439     0.8097663148     0.8097392398     -5.702712177
0.6222160353     0.3195739718     4.296379138     0.8097036943     0.8097846277     0.8097571761     -5.735408358
0.6242159538     0.3195974478     4.296892099     0.8097183864     0.8097996055     0.809771745     -5.768204839
0.6262158998     0.3196220299     4.297357238     0.8097298519     0.809811394     0.8097830788     -5.801102017
0.628215867     0.3196475384     4.297775333     0.8097382295     0.809820149     0.8097913175     -5.834100359
0.6302158494     0.3196737998     4.298147084     0.8097436645     0.809825976     0.8097966071     -5.867200346
0.632215842     0.3197006465     4.29847363     0.8097463076     0.809829073     0.8097990996     -5.90040254
0.6342158403     0.3197279177     4.298756124     0.8097463137     0.8098295674     0.8097989507     -5.933707543
0.6362158403     0.3197554591     4.29899579     0.8097438412     0.8098276594     0.8097963198     -5.967116053
0.6382158388     0.3197831242     4.299194168     0.8097390512     0.8098235046     0.8097913688     -6.000628854
0.640215833     0.3198107742     4.299352751     0.8097321064     0.8098171637     0.8097842612     -6.034246694
0.642215821     0.3198382778     4.29947317     0.8097231702     0.8098090284     0.8097751615     -6.067970562
0.644215801     0.319865512     4.299557227     0.8097124064     0.8097990407     0.8097642341     -6.101801418
0.646215772     0.3198923622     4.299606724     0.8096999779     0.8097874547     0.8097516427     -6.135740304
0.6482157334     0.3199187218     4.299623491     0.8096860461     0.80977455     0.8097375493     -6.169788491
0.6502156849     0.3199444925     4.299609468     0.8096707705     0.8097603658     0.8097221143     -6.203947328
0.6522156266     0.3199695848     4.299566606     0.8096543078     0.8097449818     0.809705495     -6.23821815
0.6542155588     0.3199939173     4.299496944     0.8096368115     0.809728723     0.8096878453     -6.272602487
0.6562154823     0.3200174168     4.299402418     0.8096184313     0.8097118547     0.8096693153     -6.30710221
0.6582153978     0.3200400182     4.299285065     0.8095993123     0.8096941872     0.8096500511     -6.341719113
0.6602153064     0.3200616648     4.299146875     0.8095795952     0.8096761443     0.8096301934     -6.376455267
0.6622152092     0.3200823075     4.29898984     0.8095594152     0.8096577234     0.8096098781     -6.411312848
0.6642151074     0.3201019049     4.298815897     0.8095389024     0.8096393471     0.8095892353     -6.446294498
0.6662150022     0.3201204231     4.298627036     0.8095181805     0.8096206959     0.8095683895     -6.481402778
0.6682148949     0.3201378353     4.298425103     0.8094973677     0.8096023879     0.8095474587     -6.516640784
0.6702147866     0.3201541218     4.298211953     0.8094765753     0.8095842743     0.8095265548     -6.552011829
0.6722146785     0.3201692693     4.29798938     0.8094559086     0.8095665938     0.809505783     -6.587519605
0.6742145717     0.3201832711     4.297759123     0.809435466     0.8095494913     0.8094852419     -6.623168241
0.6762144672     0.3201961262     4.297522852     0.809415339     0.8095331136     0.8094650233     -6.658962372
0.678214366     0.3202078396     4.297282187     0.8093956126     0.809517296     0.809445212     -6.69490683
0.6802142687     0.3202184215     4.297038636     0.8093763646     0.8095027628     0.809425886     -6.731007444
0.6822141761     0.3202278868     4.296793686     0.8093576663     0.8094894171     0.8094071166     -6.767270829
0.6842140886     0.3202362554     4.296548712     0.8093395821     0.8094768643     0.809388968     -6.803703822
0.6862140069     0.3202435512     4.296304995     0.8093221696     0.8094663269     0.8093714978     -6.84031492
0.6882139311     0.3202498019     4.296063782     0.8093054799     0.8094571156     0.809354757     -6.877113366
0.6902138614     0.320255039     4.295826191     0.8092895577     0.8094500261     0.8093387901     -6.914110076
0.6922137981     0.3202592966     4.295593284     0.8092744412     0.8094446657     0.8093236354     -6.951317105
0.6942137409     0.3202626119     4.295366027     0.8092601629     0.8094419931     0.8093093247     -6.988748796
0.69621369     0.3202650241     4.295145306     0.8092467493     0.8094422073     0.8092958846     -7.026421988
0.698213645     0.3202665745     4.294931937     0.8092342214     0.809445511     0.8092833357     -7.064356245
0.7002136057     0.3202673057     4.294726638     0.8092225949     0.8094527759     0.8092716934     -7.102574908
0.702213572     0.3202672614     4.294530052     0.8092118807     0.8094648535     0.8092609683     -7.141106139
0.7042135433     0.3202672614     4.294530052     1.618502333     0.8094648535     0.8092511666     -7.17963737
0.7042184858     0.3202672614     4.294530052     3.241104654     0.8094648535     1.620552327     -7.218168601
0.7042184919     0.3202672614     4.294530052     6.486309308     0.8094648535     3.243154654     -7.256699831
0.7042184919     0.3202672614     4.294530052     12.97671862     0.8094648535     6.488359308     -7.295231062
0.7042184919     0.3202672614     4.294530052     25.95753723     0.8094648535     12.97876862     -7.333762293
0.7042184919     0.3202672614     4.294530052     51.91917446     0.8094648535     25.95958723     -7.372293524
0.7042184919     0.3202672614     4.294530052     103.8424489     0.8094648535     51.92122446     -7.410824754
0.7042184919     0.3202672614     4.294530052     207.6889979     0.8094648535     103.8444989     -7.449355985
0.7042184919     0.3202672614     4.294530052     415.3820957     0.8094648535     207.6910479     -7.487887216
0.7042184919     0.3202672614     4.294530052     830.7682914     0.8094648535     415.3841457     -7.526418447
0.7042184919     0.3202672614     4.294530052     1661.540683     0.8094648535     830.7703414     -7.564949678
0.7042184919     0.3202672614     4.294530052     3323.085466     0.8094648535     1661.542733     -7.603480908
0.7042184919     0.3202672614     4.294530052     6646.175032     0.8094648535     3323.087516     -7.642012139
0.7042184919     0.3202672614     4.294530052     13292.35416     0.8094648535     6646.177082     -7.68054337
