0.01     0.3157506382     24.83576441     0.9781636766     1.021222116     5     -0.04307832721
0.012     0.332986083     22.54800105     0.974340316     1.025072825     5     -0.05075829497
0.014     0.3465985036     20.76502765     0.9706636378     1.028806457     5     -0.05817462967
0.016     0.3574113751     19.32501762     0.9671212823     0.9668836963     0.9670369596     -0.06534527116
0.018     0.3660097026     18.12979396     0.9637018946     0.9634813181     0.9636289268     -0.07228700191
0.02     0.3728262005     17.11686511     0.9603950212     0.9601902996     0.9603325069     -0.07901554595
0.022     0.3781907015     16.24419682     0.9571910189     0.9570011002     0.9571381478     -0.08554565772
0.024     0.3823605032     15.48209903     0.9540809745     0.9539048985     0.9540370167     -0.09189120207
0.026     0.3855400278     14.80886017     0.9510566335     0.9508935224     0.9510209302     -0.0980652266
0.028     0.3878941108     14.20838754     0.9481103368     0.9479593868     0.9480822925     -0.104080027
0.03     0.3895572984     13.66824469     0.9452349647     0.9450954386     0.9452140401     -0.1099472067
0.03116125465     0.39025057     13.37888969     0.9435953545     0.9412167967     0.9436566257     -0.1132904647
0.03240930105     0.3907993882     13.08473561     0.941855955     0.9420451621     0.9420825429     -0.1168345901
0.0335840588     0.3911484212     12.82319308     0.9402389568     0.9400017172     0.9402873308     -0.1201263653
0.03477058758     0.3913522841     12.57230565     0.9386244805     0.9386165178     0.9386789415     -0.123409657
0.03596377959     0.3914212745     12.33233794     0.9370187453     0.9369985209     0.9370693971     -0.1266713648
0.03716513098     0.3913664718     12.10244549     0.9354189228     0.9354037132     0.9354697597     -0.1299168128
0.0383741183     0.391197944     11.88227977     0.9338249184     0.9338095319     0.9338757029     -0.1331457839
0.03959036033     0.390925199     11.67026028     0.9322364265     0.9322212817     0.9322872297     -0.1363585092
0.04081343395     0.3905572133     11.46724917     0.9306531798     0.9306382232     0.9307039945     -0.1395551633
0.0420429158     0.3901024582     11.27141698     0.9290748968     0.929060175     0.9291257216     -0.1427359717
0.04327199781     0.389571864     11.08409992     0.927509386     0.927479841     0.927547127     -0.1458849255
0.04450704301     0.3889704857     10.90388437     0.9259476236     0.925934705     0.9259862797     -0.1490199274
0.04574761514     0.3883052619     10.72998568     0.9243893408     0.9243766886     0.9244288723     -0.152141242
0.046993295     0.3875827331     10.56214893     0.9228342408     0.9228219261     0.9228746423     -0.155249212
0.04824366404     0.3868090656     10.40007336     0.9212820225     0.9212700727     0.9213232869     -0.1583442111
0.04949830543     0.3859900683     10.2434173     0.9197323814     0.9197208219     0.9197745005     -0.1614266418
0.05075680491     0.385131208     10.09180678     0.9181850108     0.9181738647     0.9182279751     -0.1644969332
0.05201875158     0.3842376249     9.945951401     0.9166396031     0.916628891     0.9166834018     -0.1675555382
0.05328373874     0.3833141469     9.804568829     0.9150958503     0.9150855906     0.9151404719     -0.1706029316
0.05455136451     0.382365304     9.667193493     0.9135534458     0.9135436545     0.9135988775     -0.173639607
0.05582123251     0.3813953417     9.534841448     0.9120120848     0.9120027755     0.9120583131     -0.1766660749
0.05709295244     0.3804082343     9.406196051     0.9104714654     0.9104626495     0.9105184759     -0.1796828601
0.05836614059     0.3794076978     9.281671333     0.9089312894     0.9089229764     0.9089790673     -0.1826904993
0.05964042032     0.3783972019     9.160685309     0.9073912636     0.9073834606     0.907439793     -0.1856895391
0.06091542247     0.3773799826     9.043729281     0.9058510997     0.9058438119     0.9059003646     -0.1886805337
0.0621907857     0.3763590536     8.929495802     0.9043105156     0.9043037465     0.9043604996     -0.1916640428
0.06346615681     0.3753372175     8.819370535     0.9027692361     0.9027629871     0.9028199221     -0.1946406298
0.06474119105     0.3743170767     8.712224882     0.901226993     0.9012212641     0.9012783637     -0.19761086
0.06601555226     0.3733010442     8.607755176     0.899683526     0.8996783154     0.899735564     -0.2005752986
0.06728891316     0.3722913537     8.506031777     0.8981385827     0.8981338875     0.8981912705     -0.2035345094
0.06856095537     0.371290069     8.407877799     0.8965919197     0.8965877354     0.8966452394     -0.2064890534
0.06983136966     0.3702990939     8.312225888     0.8950433021     0.8950396232     0.8950972361     -0.209439487
0.07109985591     0.3693201811     8.21904182     0.8934925044     0.8934893242     0.8935470348     -0.2123863613
0.07236612323     0.3683549408     8.128281616     0.8919393102     0.8919366212     0.8919944194     -0.2153302208
0.07362988997     0.3674048493     8.039891953     0.8903835129     0.8903813066     0.8904391833     -0.2182716025
0.07489088372     0.3664712566     7.953810522     0.8888249152     0.8888231824     0.8888811293     -0.2212110346
0.07614884127     0.3655553941     7.869966578     0.8872633296     0.8872620606     0.8873200702     -0.2241490364
0.07740350861     0.3646583822     7.788281482     0.8856985785     0.8856977628     0.8857558285     -0.2270861172
0.07865464082     0.3637812369     7.70866934     0.8841304936     0.8841301205     0.8841882362     -0.230022776
0.07990200202     0.3629248764     7.631037652     0.8825589165     0.8825589747     0.882617135     -0.2329595008
0.0811453653     0.3620901276     7.55528804     0.8809836981     0.8809841763     0.8810423764     -0.2358967685
0.08238451256     0.3612777318     7.48131697     0.879404699     0.8794055855     0.879463821     -0.2388350442
0.08361923446     0.3604883506     7.409016519     0.8778217888     0.8778230718     0.8778813389     -0.2417747816
0.08484933023     0.3597225709     7.338275136     0.8762348463     0.8762365141     0.8762948093     -0.2447164223
0.08607460758     0.3589809106     7.269946822     0.8746437593     0.8746457999     0.8747041201     -0.247660396
0.08729488254     0.3582638225     7.203151764     0.8730484243     0.8730508258     0.8731091682     -0.2506071205
0.08850997931     0.3575716998     7.137678266     0.871448746     0.8714514968     0.8715098589     -0.2535570016
0.0897197301     0.3569048796     7.073400906     0.8698446377     0.8698477262     0.8699061057     -0.2565104334
0.09092397497     0.3562636474     7.010531494     0.8682360206     0.8682394353     0.8682978302     -0.2594677981
0.09212256166     0.3556482408     6.949923389     0.8666228235     0.8666265533     0.8666849616     -0.2624294667
0.09331534543     0.3550588529     6.890227213     0.8650049829     0.8650090168     0.8650674367     -0.2653957988
0.09450218888     0.3544956358     6.831312717     0.8633824424     0.8633867696     0.8634451995     -0.2683671429
0.09568296177     0.3539587041     6.774445749     0.8617551525     0.8617597627     0.8618182009     -0.2713438367
0.09685754084     0.3534481372     6.718793543     0.8601230705     0.8601279535     0.8601863986     -0.2743262078
0.09802580966     0.3529639825     6.663613037     0.8584861599     0.8584913061     0.8585497566     -0.2773145732
0.0991876584     0.3525062582     6.610412158     0.8568443907     0.8568497904     0.8569082449     -0.2803092404
0.1003429837     0.3520749552     6.558188302     0.8551977383     0.8552033825     0.8552618395     -0.2833105075
0.1014916885     0.35167004     6.506173549     0.8535461839     0.8535520639     0.8536105219     -0.2863186635
0.1026336817     0.3512914563     6.456759596     0.8518897141     0.8518958214     0.8519542791     -0.2893339885
0.1037688783     0.3509391275     6.407293543     0.8502283203     0.8502346469     0.8502931028     -0.2923567546
0.1048971989     0.3506129582     6.359277852     0.8485619989     0.8485685372     0.8486269897     -0.2953872258
0.1060185697     0.3503128361     6.312242899     0.8468907509     0.8468974936     0.8469559411     -0.2984256586
0.1071329224     0.3500386337     6.265663913     0.8452145813     0.8452215214     0.8452799624     -0.3014723026
0.1082401936     0.3497902096     6.220867162     0.8435334994     0.8435406305     0.8435990632     -0.3045274003
0.1093403254     0.3495674102     6.17580973     0.8418475183     0.8418548341     0.8419132569     -0.3075911882
0.1104332644     0.3493700709     6.133043052     0.8401566547     0.8401641493     0.8402225603     -0.3106638965
0.1115189621     0.349198017     6.089580066     0.8384609285     0.8384685966     0.8385269938     -0.3137457503
0.1125973746     0.3490510654     6.048622598     0.8367603631     0.8367681994     0.836826581     -0.3168369691
0.1136684623     0.3489290252     6.006814622     0.8350549845     0.8350629843     0.8351213482     -0.3199377679
0.1147321899     0.3488316991     5.967435403     0.8333448218     0.8333529807     0.8334113247     -0.3230483572
0.1157885261     0.3487588837     5.927330505     0.8316299065     0.8316382203     0.8316965422     -0.3261689433
0.1168374438     0.3487103709     5.889291193     0.8299102726     0.8299187374     0.829977035     -0.329299729
0.1178789196     0.3486859485     5.850924984     0.8281859563     0.8281945686     0.8282528394     -0.3324409137
0.1189129336     0.3486854005     5.813982603     0.8264569957     0.8264657524     0.8265239939     -0.3355926938
0.1199394696     0.3487085085     5.777378459     0.8247234311     0.8247323293     0.824790539     -0.338755263
0.1209585148     0.3487550516     5.741288111     0.8229853044     0.8229943414     0.8230525166     -0.3419288129
0.1219700597     0.3488248076     5.706457552     0.8212426591     0.8212518326     0.8213099706     -0.3451135329
0.122974098     0.3489175527     5.670975079     0.8194955403     0.8195048481     0.8195629461     -0.3483096109
0.1239706261     0.3490330629     5.63791829     0.8177439943     0.8177534347     0.8178114897     -0.3515172331
0.1249596438     0.3491711134     5.604234212     0.8159880687     0.8159976401     0.8160556491     -0.3547365852
0.1259411534     0.3493314801     5.571509281     0.8142278123     0.8142375134     0.8142954733     -0.3579678516
0.1269151598     0.3495139388     5.53964978     0.8124632747     0.8124731044     0.812531012     -0.3612112166
0.1278816709     0.3497182666     5.507209887     0.8106945065     0.8107044639     0.810762316     -0.3644668641
0.1288406966     0.3499442413     5.476916103     0.8089215591     0.8089316437     0.8089894368     -0.3677349783
0.1297922496     0.3501916421     5.446336701     0.8071444846     0.807154696     0.8072124266     -0.3710157437
0.1307363446     0.3504602498     5.415766984     0.8053633358     0.8053736737     0.8054313384     -0.3743093452
0.1316729985     0.3507498469     5.387011325     0.8035781659     0.8035886304     0.8036462254     -0.377615969
0.1326022306     0.3510602181     5.357780016     0.8017890286     0.8017996198     0.8018571414     -0.3809358021
0.1335240619     0.3513911497     5.328961728     0.799995978     0.8000066963     0.8000641407     -0.3842690331
0.1344385155     0.3517424307     5.301562773     0.7981990685     0.7982099145     0.7982672777     -0.3876158522
0.1353456163     0.3521138523     5.273732287     0.7963983546     0.7964093292     0.7964666072     -0.3909764513
0.136245391     0.352505208     5.24629915     0.7945938914     0.7946049954     0.794662184     -0.3943510247
0.1371378681     0.3529162942     5.220295699     0.7927857337     0.7927969682     0.7928540633     -0.397739769
0.1380230776     0.3533469096     5.193903449     0.7909739367     0.790985303     0.7910423001     -0.4011428831
0.1389010512     0.3537968558     5.167482718     0.7891585553     0.7891700549     0.7892269497     -0.4045605691
0.1397718221     0.3542659372     5.142898956     0.7873396448     0.7873512792     0.7874080671     -0.4079930318
0.1406354249     0.3547539607     5.117967329     0.7855172601     0.7855290311     0.7855857074     -0.4114404795
0.1414918956     0.3552607363     5.092680617     0.7836914561     0.7837033657     0.7837599256     -0.4149031239
0.1423412715     0.3557860768     5.069031732     0.7818622878     0.7818743379     0.7819307766     -0.4183811803
0.1431835914     0.3563297975     5.04556869     0.7800298096     0.7800420026     0.780098315     -0.421874868
0.1440188951     0.356891717     5.021790356     0.7781940763     0.7782064144     0.7782625954     -0.4253844105
0.1448472236     0.3574716565     4.998330584     0.7763551418     0.7763676277     0.776423672     -0.4289100355
0.1456686193     0.3580694398     4.976330526     0.7745130604     0.7745256966     0.7745815988     -0.4324519753
0.1464831254     0.358684894     4.954052467     0.7726678858     0.7726806751     0.7727364297     -0.4360104672
0.1472907864     0.3593178483     4.931491013     0.7708196714     0.7708326168     0.7708882181     -0.4395857532
0.1480916476     0.3599681352     4.909861383     0.7689684704     0.7689815749     0.7690370172     -0.4431780807
0.1488857554     0.3606355896     4.889062835     0.7671143357     0.7671276026     0.7671828798     -0.4467877026
0.1496731573     0.3613200489     4.868016259     0.7652573198     0.7652707524     0.7653258585     -0.4504148774
0.1504539015     0.3620213533     4.846716978     0.7633974749     0.7634110767     0.7634660054     -0.4540598696
0.1512280372     0.3627393454     4.826411347     0.7615348528     0.7615486275     0.7616033724     -0.4577229497
0.1519956144     0.3634738704     4.806844653     0.759669505     0.7596834565     0.7597380108     -0.4614043948
0.152756684     0.3642247756     4.787058388     0.7578014827     0.7578156148     0.7578699719     -0.4651044885
0.1535112978     0.3649919108     4.767048474     0.7559308365     0.7559451533     0.7559993061     -0.4688235212
0.1542595082     0.3657751281     4.747556979     0.7540576169     0.7540721226     0.754126064     -0.4725617907
0.1550013684     0.3665742816     4.729235751     0.7521818737     0.7521965728     0.7522502953     -0.4763196021
0.1557369326     0.3673892276     4.710721562     0.7503036566     0.7503185537     0.7503720497     -0.4800972679
0.1564662556     0.3682198244     4.692010833     0.7484230148     0.7484381145     0.7484913763     -0.4838951089
0.1571893927     0.3690659322     4.673099955     0.7465399971     0.7465553043     0.7466083237     -0.487713454
0.1579064002     0.369927413     4.655752232     0.7446546519     0.7446701718     0.7447229405     -0.4915526406
0.1586173351     0.3708041304     4.638505874     0.7427670274     0.7427827651     0.7428352746     -0.4954130149
0.159322255     0.37169595     4.621087911     0.7408771712     0.7408931321     0.7409453736     -0.4992949322
0.1600212181     0.3726027387     4.603495134     0.7389851306     0.7390013204     0.7390532847     -0.5031987574
0.1607142835     0.3735243647     4.585879515     0.7370909527     0.7371073771     0.7371590548     -0.5071248651
0.1614015107     0.3744606977     4.569882123     0.735194684     0.735211349     0.7352627305     -0.5110736401
0.1620829603     0.3754116088     4.553735755     0.7332963708     0.7333132826     0.7333643578     -0.5150454775
0.1627586931     0.3763769698     4.537437516     0.731396059     0.731413224     0.7314639826     -0.5190407834
0.1634287709     0.3773566539     4.520984468     0.7294937943     0.7295112192     0.7295616504     -0.5230599754
0.1640932561     0.3783505349     4.504373625     0.7275896219     0.7276073135     0.7276574063     -0.5271034824
0.1647522117     0.3793584874     4.489395979     0.7256835869     0.7257015522     0.7257512952     -0.5311717456
0.1654057015     0.3803803868     4.474355627     0.7237757339     0.7237939804     0.7238433617     -0.5352652187
0.1660537899     0.3814161089     4.459181211     0.7218661074     0.7218846427     0.72193365     -0.5393843685
0.1666965422     0.3824655299     4.443869977     0.7199547516     0.7199735836     0.7200222041     -0.5435296751
0.1673340243     0.383528526     4.428419107     0.7180417104     0.7180608473     0.7181090679     -0.5477016328
0.1679663028     0.3846049739     4.413678149     0.7161270276     0.7161464778     0.7161942848     -0.5519007504
0.1685934451     0.38569475     4.399732065     0.7142107466     0.7142305189     0.7142778982     -0.5561275517
0.1692155195     0.3867977306     4.385667593     0.7122929109     0.7123130145     0.7123599512     -0.5603825764
0.169832595     0.3879137915     4.371482083     0.7103735635     0.7103940078     0.7104404867     -0.5646663804
0.1704447414     0.3890428082     4.357172811     0.7084527476     0.7084735424     0.7085195475     -0.5689795364
0.1710520294     0.3901846553     4.342736978     0.706530506     0.7065516617     0.7065971764     -0.5733226351
0.1716545306     0.3913392067     4.329188803     0.7046068815     0.7046284087     0.7046734159     -0.5776962853
0.1722523175     0.3925063352     4.316204268     0.702681917     0.7027038267     0.7027483085     -0.5821011151
0.1728454636     0.3936859124     4.303112161     0.7007556551     0.7007779588     0.7008218967     -0.5865377724
0.1734340433     0.3948778084     4.28990978     0.6988281387     0.6988508484     0.6988942227     -0.591006926
0.1740181321     0.3960818918     4.276594336     0.6968994103     0.6969225385     0.6969653292     -0.5955092664
0.1745978067     0.3972980294     4.263162944     0.6949695129     0.6949930727     0.6950352584     -0.6000455067
0.1751731447     0.3985260857     4.25007854     0.6930384892     0.6930624942     0.6931040531     -0.6046163837
0.175744225     0.3997659232     4.23803347     0.6911063824     0.6911308467     0.6911717558     -0.6092226587
0.1763111278     0.4010174018     4.225889196     0.6891732356     0.6891981741     0.6892384092     -0.6138651192
0.1768739345     0.4022803784     4.213642872     0.6872390921     0.6872645203     0.6873040564     -0.6185445794
0.177432728     0.4035547073     4.201291543     0.6853039957     0.6853299298     0.6853687406     -0.6232618822
0.1779875924     0.4048402389     4.188832132     0.6833679902     0.6833944472     0.6834325053     -0.6280178998
0.1785386137     0.4061368206     4.176261441     0.6814311198     0.6814581175     0.6814953941     -0.6328135357
0.1790858792     0.4074442954     4.164373764     0.6794934294     0.6795209864     0.6795574514     -0.6376497261
0.179629478     0.4087625023     4.15313356     0.6775549639     0.6775830999     0.6776187215     -0.6425274415
0.180169501     0.4100912755     4.141796753     0.6756157689     0.6756445044     0.6756792497     -0.6474476882
0.1807060409     0.4114304445     4.130360114     0.6736758908     0.6737052474     0.6737390814     -0.6524115108
0.1812391926     0.4127798332     4.118820266     0.6717353762     0.6717653766     0.6717982629     -0.6574199935
0.181769053     0.41413926     4.107173681     0.6697942726     0.6698249409     0.669856841     -0.6624742628
0.1822957213     0.4155085367     4.095416666     0.6678526285     0.6678839898     0.6679148633     -0.6675754893
0.182819299     0.4168874689     4.083942829     0.6659104929     0.6659425738     0.6659723782     -0.6727248907
0.1833398903     0.4182758548     4.073451412     0.663967916     0.6640007446     0.664029435     -0.6779237339
0.183857602     0.4196734849     4.062862194     0.6620249489     0.6620585549     0.6620860841     -0.6831733382
0.184372544     0.4210801416     4.052171367     0.6600816439     0.6601160587     0.6601423769     -0.6884750782
0.1848848289     0.4224955982     4.041374928     0.6581380546     0.6581733113     0.6581983659     -0.6938303874
0.1853945731     0.4239196189     4.03046867     0.6561942357     0.6562303698     0.656254105     -0.699240761
0.1859018961     0.4253519574     4.019448164     0.6542502439     0.6542872926     0.6543096496     -0.7047077608
0.1864069213     0.4267923566     4.008308746     0.652306137     0.6523441401     0.6523650567     -0.7102330184
0.1869097762     0.4282405477     3.997849595     0.6503619749     0.6504009746     0.6504203847     -0.7158182404
0.1874105927     0.4296962492     3.987920439     0.6484178193     0.6484578607     0.6484756942     -0.7214652129
0.187909507     0.4311591663     3.977882935     0.6464737342     0.6465148651     0.6465310477     -0.7271758068
0.1884066606     0.4326289895     3.967732153     0.6445297857     0.6445720574     0.6445865098     -0.7329519839
0.1889022003     0.4341053937     3.957462878     0.6425860424     0.6426295097     0.6426421478     -0.7387958029
0.1893962786     0.435588037     3.947069589     0.640642576     0.6406872973     0.6406980315     -0.7447094265
0.1898890544     0.4370765595     3.936546435     0.6386994608     0.6387454991     0.6387542334     -0.7506951287
0.190380693     0.4385705816     3.925887208     0.6367567747     0.6368041972     0.6368108295     -0.7567553033
0.1908713673     0.440069703     3.915721292     0.6348145989     0.6348634782     0.634867899     -0.7628924727
0.1913612579     0.4415735002     3.906212481     0.6328730189     0.632923433     0.6329255251     -0.769109298
0.191850554     0.4430815256     3.896575669     0.6309321243     0.6309841573     0.630983795     -0.77540859
0.1923394541     0.4445933045     3.886804099     0.6289920095     0.6290457524     0.6290428005     -0.7817933213
0.1928281668     0.4461083338     3.87689056     0.6270527742     0.6271083254     0.6271026385     -0.7882666395
0.1933169116     0.4476260787     3.866827351     0.6251145238     0.62517199     0.6251634113     -0.7948318826
0.1938059202     0.4491459704     3.856606235     0.6231773703     0.6232368673     0.6232252274     -0.8014925947
0.1942954374     0.4506674031     3.84621839     0.6212414324     0.6213030864     0.6212882022     -0.8082525451
0.1947857223     0.4521897301     3.835772229     0.6193068368     0.6193707855     0.6193524582     -0.8151157486
0.1952770499     0.4537122606     3.82647271     0.6173737191     0.6174401128     0.6174181266     -0.8220864885
0.1957697128     0.4552342551     3.817010742     0.6154422242     0.6155112279     0.6154853478     -0.8291693426
0.1962640228     0.4567549205     3.807376316     0.6135125083     0.613584303     0.6135542723     -0.8363692123
0.1967603127     0.4582734047     3.797558626     0.6115847392     0.6116595243     0.6116250625     -0.8436913553
0.1972589394     0.4597887909     3.787545984     0.6096590989     0.6097370945     0.6096978935     -0.8511414232
0.1977602858     0.4613000898     3.777325722     0.6077357843     0.6078172341     0.6077729554     -0.8587255038
0.1982647642     0.4628062322     3.766884081     0.6058150101     0.6059001848     0.6058504545     -0.8664501696
0.1987728198     0.4643060597     3.756206084     0.6038970106     0.6039862115     0.6039306163     -0.8743225333
0.1992849343     0.465798314     3.746361336     0.6019820427     0.6020756066     0.6020136874     -0.8823503113
0.1998016314     0.4672816246     3.7367163     0.600070389     0.6001686937     0.6000999391     -0.8905418979
0.2003234815     0.4687544948     3.726829754     0.5981623622     0.5982658327     0.5981896709     -0.8989064502
0.200851108     0.4702152851     3.716683406     0.596258309     0.5963674257     0.5962832146     -0.9074539883
0.2013851955     0.4716621933     3.706257074     0.5943586164     0.5944739242     0.5943809402     -0.9161955113
0.2019264978     0.4730932316     3.695528418     0.5924637179     0.5925858377     0.5924832614     -0.9251431349
0.2024758489     0.4745061992     3.684472624     0.5905741021     0.5907037447     0.5905906439     -0.9343102541
0.2030341749     0.4758986488     3.673062023     0.5886903225     0.5888283058     0.5887036146     -0.943711736
0.2036025098     0.4772678475     3.662463994     0.5868130102     0.5869602802     0.5868227732     -0.9533641522
0.2041820132     0.478610728     3.651985228     0.5849428892     0.5851005464     0.5849488065     -0.9632860581
0.2047739925     0.4799238292     3.641120797     0.5830807962     0.5832501288     0.5830825069     -0.9734983319
0.2053799306     0.481203223     3.629832785     0.5812277052     0.5814102306     0.5812247954     -0.9840245906
0.2060015194     0.4824444227     3.618077886     0.5793847596     0.579582278     0.5793767508     -0.994891702
0.2066407025     0.4836422671     3.60580634     0.5775533136     0.577767977     0.5775396488     -1.006130421
0.2072997286     0.4847907736     3.592960595     0.5757349868     0.575969388     0.5757150115     -1.017776192
0.20798122     0.4858829476     3.580464074     0.5739317374     0.5741890274     0.5739046758     -1.029870156
0.2086882607     0.4869105338     3.568319125     0.5721459603     0.5724300035     0.5721108837     -1.042460449
0.2094245112     0.4878636875     3.555488775     0.5703806237     0.5706962045     0.5703364079     -1.05560387
0.2101943598     0.4887305312     3.541878399     0.5686394593     0.5689925597     0.5685847274     -1.069368055
0.2110031243     0.4894965521     3.527373763     0.5669272346     0.5673254076     0.5668602791     -1.083834329
0.2118573216     0.4901437661     3.511835528     0.5652501502     0.5657030187     0.5651688245     -1.099101464
0.2127650327     0.4906495454     3.496243579     0.5636164312     0.5641363433     0.5635179996     -1.115290632
0.2137363918     0.490984954     3.480760939     0.5620372295     0.5626400699     0.5619181574     -1.132551823
0.2147842287     0.4911123773     3.463850336     0.5605280246     0.5612340756     0.5603836926     -1.15107184
0.2159248573     0.4909821913     3.445224991     0.5591108364     0.5599452167     0.5589351715     -1.171083078
0.2171788527     0.4905283464     3.424529045     0.5578177106     0.558808846     0.5576027941     -1.192869549
0.2185711759     0.4896635601     3.40404957     0.5566959942     0.5578675423     0.5564319404     -1.216758275
0.2201286167     0.4882779343     3.381838417     0.5558151325     0.5571593178     0.5554912519     -1.243062485
0.2218694699     0.4862537814     3.356944739     0.5552705964     0.5566790362     0.554880536     -1.271899976
0.2237782676     0.4835234275     3.33067409     0.5551687518     0.5563140621     0.5547235274     -1.302798337
0.2257754268     0.4801736876     3.306666722     0.5555690917     0.5559034981     0.5551121927     -1.334298434
0.2277364166     0.4764723032     3.283460153     0.5564182706     0.5556415189     0.5560121812     -1.36440157
0.2295717269     0.4727025637     3.262204216     0.5575815242     0.5561005385     0.5572630258     -1.391845085
0.2312609945     0.4690194267     3.244572841     0.5589359652     0.5573781933     0.5587022132     -1.416497677
0.2328213673     0.4654698063     3.230021391     0.5604057401     0.5590731446     0.5602370595     -1.438769526
0.2342772136     0.462055028     3.2168593     0.5619492569     0.5608776681     0.5618270576     -1.45913264
0.2356495041     0.4587637729     3.204858494     0.5635431557     0.5626855959     0.563454186     -1.477972867
0.2369544228     0.4555831153     3.193843621     0.5651734026     0.5644779773     0.5651088031     -1.495581872
0.2382042341     0.4525014227     3.183681978     0.5668309886     0.5662574093     0.5667848031     -1.51217846
0.239408313     0.4495088412     3.174272145     0.5685098025     0.5680290133     0.5684779213     -1.52792899
0.240573945     0.446597145     3.166092869     0.5702055083     0.5697967199     0.5701850108     -1.542962348
0.2417068932     0.4437594606     3.159163341     0.5719149145     0.5715630754     0.5719036673     -1.557380321
0.2428117957     0.4409900062     3.152705765     0.5736355997     0.5733296193     0.573632005     -1.571264747
0.2438924441     0.4382838757     3.146685617     0.5753656784     0.575097232     0.5753685136     -1.584682498
0.2449519831     0.4356368682     3.141074268     0.57710365     0.5768663774     0.5771119618     -1.59768902
0.2459930548     0.4330453546     3.135847661     0.5788482966     0.5786372594     0.5788613295     -1.610330894
0.2470179057     0.4305061739     3.130985338     0.5805986135     0.5804099199     0.58061576     -1.622647718
0.2480284662     0.4280165514     3.126469705     0.5823537586     0.5821843012     0.5823745241     -1.634673512
0.2490264117     0.4255740347     3.122285481     0.5841130166     0.583960285     0.5841369939     -1.646437796
0.2500132097     0.4231727106     3.11845707     0.5858787031     0.5857469675     0.5859026228     -1.657977203
0.2509889208     0.4207794163     3.114695766     0.5876754855     0.5876054279     0.5876745518     -1.669397392
0.2519433425     0.4184599577     3.110371174     0.5894504804     0.5892458546     0.5894830632     -1.680470373
0.2528905074     0.4161738857     3.108624119     0.5912327054     0.5911398442     0.5912619793     -1.691386279
0.2538290944     0.4139288128     3.106238465     0.5930146426     0.5929095136     0.5930487899     -1.70212489
0.2547611512     0.4117242509     3.103130078     0.5947950105     0.5947003036     0.5948341821     -1.712704263
0.2556887616     0.4095485733     3.101348614     0.5965822589     0.5965162348     0.5966168849     -1.723172959
0.2566100917     0.4074102371     3.100072417     0.5983681851     0.5982860183     0.598407407     -1.733504327
0.2575270331     0.4053053595     3.097885571     0.6001548547     0.6000874509     0.6001956041     -1.743723379
0.2584402188     0.4032329441     3.096511532     0.6019420686     0.6018808319     0.6019842062     -1.753840693
0.2593502203     0.4011921152     3.096047659     0.6037296015     0.6036739811     0.6037730508     -1.763865875
0.2602575743     0.3991820623     3.094655408     0.605517239     0.6054668795     0.6055619339     -1.773807886
0.2611627878     0.3972020332     3.093837342     0.6073047766     0.6072593714     0.6073506594     -1.783675129
0.2620663424     0.395251329     3.094037621     0.6090920179     0.6090513005     0.6091390381     -1.793475521
0.2629686973     0.3933292997     3.093303982     0.6108787729     0.6108425118     0.6109268864     -1.803216552
0.2638702933     0.3914318382     3.093271579     0.6126682961     0.6126419908     0.6127140249     -1.812914646
0.2647701733     0.3895681909     3.093905311     0.6144508711     0.6144082034     0.6145044137     -1.822543298
0.2656714788     0.3877253222     3.093509431     0.616238504     0.6162289376     0.6162862697     -1.832156425
0.2665718863     0.3859150987     3.094537358     0.6180188192     0.6179840523     0.6180743557     -1.841713296
0.2674745243     0.3841248193     3.095475627     0.6198038933     0.6198018106     0.6198535446     -1.851266806
0.2683770218     0.3823628424     3.095464041     0.6215847589     0.6215627602     0.6216386897     -1.860784925
0.2692811047     0.3806261371     3.09757199     0.6233638466     0.6233541705     0.6234187528     -1.870287521
0.2701871696     0.3789142927     3.098534969     0.6251410232     0.6251349785     0.6251968346     -1.879780448
0.2710955869     0.3772269716     3.100001499     0.6269161068     0.6269134972     0.6269728138     -1.889269212
0.2720067253     0.3755638635     3.102029158     0.6286889109     0.6286897056     0.6287465076     -1.89875924
0.2729209536     0.3739215104     3.102981887     0.6304627797     0.630472121     0.6305177269     -1.908264085
0.2738371971     0.3723084952     3.10591086     0.6322277403     0.6322207066     0.6322905586     -1.917757804
0.2747586864     0.3707133621     3.107648147     0.6339960301     0.6340212217     0.6340528058     -1.927291257
0.2756829536     0.3691438709     3.110370187     0.6357585867     0.6357635244     0.6358196508     -1.936832476
0.2766117744     0.3675974557     3.112855661     0.6375178065     0.6375352665     0.6375798269     -1.946401083
0.2775455619     0.3660739088     3.115457751     0.6392735092     0.6392946218     0.6393364334     -1.956002715
0.2784847119     0.3645701579     3.118607109     0.6410289659     0.6410583633     0.6410892943     -1.965650206
0.2794281607     0.3630913131     3.12138465     0.6427777657     0.6427962908     0.642842458     -1.975326516
0.2803777548     0.3616378585     3.124990415     0.6445187809     0.6445457804     0.6445879563     -1.985044717
0.2813354197     0.3601990414     3.128038088     0.6462648231     0.6463191641     0.6463245935     -1.994847
0.2822972068     0.3587896523     3.132003205     0.6479974363     0.648013149     0.648068381     -2.00467353
0.2832678943     0.3574005892     3.135406054     0.6497274104     0.649780132     0.6497960831     -2.0145812
0.2842465606     0.3560312047     3.139688043     0.6514553884     0.6515073327     0.6515216043     -2.024568604
0.2852321883     0.3546862397     3.143637501     0.6531750413     0.6532169445     0.653245658     -2.034620158
0.2862267237     0.353361207     3.147945551     0.654891856     0.6549517471     0.6549602356     -2.04476316
0.2872292416     0.352063134     3.152558482     0.6565963151     0.6566430905     0.6566724506     -2.054977399
0.288243203     0.3507834103     3.156784215     0.658299515     0.6583784078     0.6583702299     -2.065311474
0.2892662838     0.3495282661     3.162079538     0.659992936     0.6600535831     0.6600680334     -2.075737435
0.2903004946     0.3482937665     3.166685939     0.6616816733     0.661760588     0.6617547794     -2.086282653
0.2913450154     0.3470841576     3.172033029     0.6633596768     0.6634306356     0.6634372454     -2.096934834
0.2924019326     0.3458979956     3.177500558     0.6650286812     0.665115065     0.6651075949     -2.107716902
0.2934719508     0.3447333503     3.182539089     0.6666912681     0.6667870603     0.6667683738     -2.118642642
0.2945543335     0.3435942873     3.188551828     0.6683414567     0.6684303824     0.668423067     -2.129701427
0.2956512543     0.342479649     3.194511371     0.6699807068     0.6700860272     0.6700638098     -2.1409174
0.2967635224     0.3413878082     3.200225898     0.6716113126     0.6717266178     0.671692892     -2.152305042
0.2978905359     0.3403206767     3.206368545     0.6732303629     0.6733429029     0.6733135355     -2.163859834
0.2990331552     0.3392826058     3.213024689     0.6748310994     0.6749462291     0.6749218321     -2.175585217
0.3001951171     0.3382659876     3.219575454     0.6764251384     0.6765752167     0.6765089337     -2.187532445
0.3013732243     0.3372788053     3.226106487     0.6780000589     0.678125126     0.6780913263     -2.199664121
0.3025712168     0.3363194136     3.23265485     0.679558363     0.6797117627     0.6796515625     -2.212021506
0.3037901889     0.3353868918     3.239813623     0.6811015556     0.6812667607     0.6811939565     -2.224621417
0.3050298922     0.3344831954     3.24713996     0.6826265188     0.6827920568     0.6827209936     -2.237463801
0.3062914886     0.3336108423     3.254551494     0.68412913     0.6843039441     0.6842284127     -2.250561679
0.307577516     0.3327669254     3.262060773     0.6856144189     0.6858120913     0.6857108394     -2.26394783
0.3088866659     0.3319586757     3.269688757     0.687070113     0.6872584669     0.6871764131     -2.277608085
0.3102240451     0.3311807048     3.277455154     0.688505806     0.6887361736     0.6886071963     -2.291602874
0.3115872641     0.3304380023     3.285329981     0.6899128695     0.6901282424     0.6900192382     -2.305909789
0.312978921     0.3297325815     3.293303308     0.6912879271     0.691525625     0.6913992856     -2.320560492
0.3144015937     0.32906296     3.301327987     0.692634046     0.6928939072     0.6927436305     -2.335586303
0.3158543534     0.3284342973     3.309376601     0.693941828     0.6941996621     0.694058633     -2.350983595
0.3173407899     0.3278462331     3.317853907     0.6952123917     0.6955006767     0.6953299261     -2.366795473
0.318861083     0.3273001386     3.326421688     0.6964434289     0.6967359675     0.6965618951     -2.383027309
0.3204154109     0.3267994202     3.334816194     0.6976285129     0.6979281896     0.6977520252     -2.399688618
0.3220058628     0.3263457687     3.343018524     0.6987646428     0.6990852603     0.6988911393     -2.416808657
0.3236332848     0.3259412835     3.351788168     0.6998477714     0.7001804855     0.6999771822     -2.434403991
0.325298244     0.3255849511     3.36003168     0.7008804363     0.7012093441     0.7010058828     -2.452468494
0.3269978709     0.325271014     3.368698101     0.7018760918     0.7021359073     0.7019846034     -2.470903101
0.3287235669     0.3250157118     3.377325089     0.7027978949     0.7030478097     0.7029370188     -2.489693245
0.3304876646     0.3248186109     3.385667971     0.703648369     0.7039982165     0.7037902108     -2.508980456
0.3322892312     0.3246804224     3.393717707     0.7044254516     0.7047654876     0.7045669068     -2.528750264
0.3341256773     0.3246034463     3.401856579     0.7051219574     0.705452955     0.705267579     -2.548989382
0.3359956984     0.3245877332     3.409585273     0.7057365283     0.7060541862     0.7058811973     -2.569678506
0.3378957211     0.3246340985     3.416880984     0.7062638416     0.7065637299     0.706410959     -2.590792152
0.33982288     0.3247416784     3.42407971     0.7067034108     0.7069765691     0.706848686     -2.612292249
0.3417727999     0.3249095533     3.43087375     0.7070528967     0.7072970222     0.7071981717     -2.634137558
0.34374143     0.3251358847     3.437201063     0.7073120738     0.707525479     0.7074557361     -2.656284534
0.3457243195     0.3254181161     3.443199765     0.7074813801     0.7076634     0.7076231281     -2.678688756
0.3477170687     0.3257532174     3.448802982     0.7075635651     0.7077036865     0.7077015283     -2.701290992
0.34971537     0.3261374977     3.453808889     0.7075607845     0.707672447     0.707695979     -2.724051029
0.3517153681     0.3265671416     3.458347766     0.7074770932     0.7075532518     0.7076080016     -2.746918709
0.3537136193     0.3270380786     3.462488029     0.7073168103     0.7073636255     0.7074434749     -2.769852573
0.3557072163     0.3275459408     3.466130463     0.7070846925     0.7071092714     0.7072069008     -2.792821197
0.3576937962     0.328086797     3.469207403     0.7067859562     0.7067860155     0.7069033916     -2.815789906
0.3596715594     0.3286564048     3.472056287     0.7064258634     0.7064121331     0.7065385457     -2.838739178
0.3616392117     0.3292509225     3.474415305     0.7060097351     0.7059830456     0.7061176116     -2.861650646
0.3635959324     0.329867049     3.476348861     0.7055426146     0.7055038343     0.7056459187     -2.884507147
0.3655412679     0.3305011631     3.477901569     0.7050295759     0.7049878062     0.7051282119     -2.907304401
0.3674751455     0.3311501904     3.479101765     0.7044753652     0.7044307543     0.704569559     -2.930038328
0.3693977531     0.33181163     3.479969439     0.7038842298     0.7038361669     0.7039743842     -2.95270397
0.371309433     0.332482577     3.480508516     0.7032605617     0.7032162346     0.7033464542     -2.97530658
0.3732108064     0.333161019     3.480713109     0.7026079979     0.7025641489     0.702690256     -2.997846779
0.3751024954     0.3338444666     3.480766198     0.701930433     0.701892819     0.7020087578     -3.020333389
0.37698536     0.3345313065     3.480512485     0.7012309405     0.701196146     0.7013060289     -3.04277038
0.3788601642     0.3352197119     3.480005289     0.7005126626     0.7004828052     0.7005844425     -3.065164747
0.3807277885     0.3359080263     3.479305421     0.6997785012     0.6997546962     0.6998471353     -3.087525096
0.3825891382     0.3365947224     3.478423269     0.6990311598     0.6990137344     0.6990968064     -3.109860517
0.3844451268     0.3372783872     3.477318712     0.6982731598     0.6982623021     0.6983359708     -3.132180388
0.3862966637     0.3379577085     3.476041926     0.6975068577     0.6975026474     0.697566978     -3.154494223
0.3881446449     0.3386317492     3.474630795     0.6967341595     0.696734103     0.6967920273     -3.176807977
0.389989838     0.3392990263     3.473092148     0.695957484     0.6959656147     0.696012627     -3.199133413
0.3918331973     0.3399587705     3.471427539     0.6951784463     0.695191504     0.6952315804     -3.221477633
0.3936754347     0.3406099073     3.469615804     0.6943989409     0.6944174453     0.6944498826     -3.2438485
0.3955173344     0.3412514536     3.467700489     0.6936207234     0.6936453865     0.6936695786     -3.266254924
0.3973596447     0.3418824764     3.465694321     0.6928454594     0.6928760615     0.6928923324     -3.288705515
0.3992030749     0.3425020889     3.463615116     0.6920747326     0.6921110201     0.6921197242     -3.311208538
0.4010482924     0.3431096706     3.461439634     0.6913097881     0.6913492193     0.6913532584     -3.333768598
0.4028958283     0.3437043608     3.459197683     0.6905521233     0.6905959427     0.6905938826     -3.356392111
0.4047462705     0.3442851641     3.456893581     0.6898033775     0.6898543635     0.6898432666     -3.379089535
0.4066002487     0.3448517719     3.454509099     0.689064349     0.6891162896     0.689103201     -3.401862335
0.4084580863     0.3454032043     3.45213407     0.68833663     0.6883936156     0.6883737821     -3.424717919
0.4103203204     0.345938985     3.449679658     0.6876211832     0.6876807802     0.6876571889     -3.44766017
0.4121872792     0.3464582592     3.447196474     0.6869194314     0.6869842031     0.6869539212     -3.47069671
0.4140593956     0.3469607636     3.444710148     0.6862320467     0.6862966451     0.686265741     -3.493827381
0.4159368427     0.3474455526     3.442209378     0.6855605603     0.6856311919     0.6855927048     -3.517061073
0.4178200183     0.347912424     3.439667319     0.6849055485     0.6849759421     0.6849370251     -3.540397539
0.4197090137     0.3483608249     3.437151893     0.6842680364     0.6843397801     0.6842985123     -3.563838846
0.4216040055     0.3487901581     3.434623499     0.6836491099     0.6837249903     0.6836785005     -3.587391141
0.4235051709     0.3492002652     3.432095424     0.6830492759     0.6831234054     0.683078167     -3.611051957
0.42541249     0.3495906202     3.429575996     0.6824695356     0.6825462306     0.6824975003     -3.634825146
0.4273260467     0.3499609131     3.427088214     0.6819106067     0.6819888374     0.6819378993     -3.658713051
0.4292458286     0.350311066     3.424618371     0.6813728938     0.6814480966     0.6813998596     -3.682711319
0.4311717113     0.3506406437     3.422167587     0.6808573052     0.680936195     0.680883472     -3.706825449
0.4331036758     0.3509496713     3.419761651     0.6803641157     0.6804401151     0.6803900885     -3.731051277
0.43504153     0.3512379386     3.417374333     0.679893944     0.6799712274     0.6799194226     -3.755390768
0.4369851409     0.3515055427     3.415042747     0.6794469788     0.6795206084     0.6794723756     -3.779838621
0.4389342656     0.3517523356     3.412762826     0.6790237797     0.6791001423     0.6790487456     -3.804398926
0.4408887272     0.3519785195     3.410511974     0.6786244047     0.6786968908     0.6786494219     -3.829066039
0.442848236     0.35218415     3.408322305     0.678249145     0.6783221964     0.6782739982     -3.853840852
0.44481254     0.3523695155     3.406201089     0.6778979515     0.6779666595     0.677922967     -3.878717014
0.4467813214     0.352534752     3.404120273     0.6775710277     0.6776418464     0.6775959575     -3.90369769
0.448754305     0.352680291     3.40210953     0.6772681258     0.6773328172     0.6772934062     -3.928773879
0.4507311437     0.3528063582     3.400173293     0.6769893454     0.6770575942     0.6770146321     -3.953950875
0.4527115479     0.3529134742     3.398288354     0.6767343189     0.6767964495     0.6767600622     -3.979219676
0.4546951684     0.3530020538     3.396484269     0.6765028676     0.6765651586     0.6765288782     -4.004580551
0.4566816913     0.3530726271     3.394753367     0.6762946299     0.6763540696     0.6763210776     -4.030029312
0.4586707927     0.3531257141     3.393091394     0.6761092772     0.6761690821     0.676136122     -4.055566524
0.4606621656     0.3531619462     3.391500916     0.67594629     0.6760017298     0.6759737129     -4.081185751
0.4626555002     0.3531819221     3.389991869     0.6758052201     0.6758611647     0.6758331422     -4.106887757
0.4646505104     0.3531862994     3.388556793     0.6756855186     0.6757405402     0.6757140316     -4.132671189
0.4666469201     0.3531757896     3.387197591     0.6755865328     0.6756375735     0.6756157332     -4.15853017
0.4686444662     0.3531510832     3.385918939     0.6755076596     0.6755596046     0.6755374907     -4.184466045
0.470642909     0.3531129171     3.384717927     0.6754481991     0.6754981038     0.6754787511     -4.210475801
0.4726420243     0.3530620322     3.38359517     0.6754074431     0.6754570223     0.6754387186     -4.23655896
0.4746416088     0.3529991829     3.382549452     0.6753846503     0.6754340797     0.6754166776     -4.262715304
0.4766414789     0.3529251376     3.381581471     0.6753790361     0.6754269681     0.6754118542     -4.288942616
0.478641471     0.3528406652     3.380691733     0.6753897999     0.6754364448     0.6754234215     -4.315238989
0.480641442     0.3527465279     3.379876636     0.6754161606     0.6754662265     0.6754505636     -4.341609486
0.4826412683     0.3526434992     3.379135976     0.6754572607     0.6755033939     0.6754925193     -4.36804828
0.4846408461     0.352532338     3.378469811     0.6755122808     0.6755606862     0.6755483557     -4.394558728
0.4866400894     0.3524137986     3.377872897     0.6755803737     0.6756282248     0.6756172918     -4.421140003
0.4886389304     0.3522886245     3.377351027     0.675660697     0.675709653     0.6756984529     -4.447793732
0.4906373175     0.352157548     3.376895463     0.6757524063     0.6758026156     0.6757910021     -4.47452176
0.4926352148     0.352021283     3.376506804     0.6758546514     0.6759033405     0.6758940931     -4.501321826
0.4946326009     0.3518805324     3.376182751     0.6759666003     0.676018312     0.6760068703     -4.528198389
0.4966294669     0.3517359745     3.375924914     0.6760874186     0.6761379026     0.67612852     -4.555149621
0.4986258162     0.3515882764     3.375727172     0.6762162891     0.6762700396     0.6762582057     -4.582180336
0.5006216621     0.3514380793     3.375588168     0.6763524014     0.6764066198     0.6763951271     -4.609291211
0.5026170273     0.3512859982     3.375505118     0.6764949607     0.6765483197     0.676538481     -4.636480958
0.5046119423     0.3511326408     3.375474388     0.6766431872     0.6767015521     0.6766874877     -4.663756959
0.5066064443     0.3509785724     3.375499448     0.6767963194     0.6768525641     0.6768413831     -4.69111606
0.5086005755     0.3508243499     3.375571611     0.676953612     0.6770135763     0.6769994231     -4.718563737
0.5105943827     0.3506704978     3.37569065     0.6771143406     0.6771752127     0.677160879     -4.746101309
0.5125879156     0.3505175155     3.375853693     0.6772778027     0.6773396419     0.6773250472     -4.773730183
0.5145812259     0.3503658768     3.376056814     0.6774433178     0.6775061741     0.6774912465     -4.801451836
0.5165743665     0.3502160342     3.376301845     0.6776102266     0.6776755846     0.6776588189     -4.829269939
0.5185673905     0.3500684101     3.376580192     0.6777778955     0.6778443552     0.6778271255     -4.857186092
0.5205603504     0.3499234007     3.376894504     0.6779457164     0.6780133065     0.6779955591     -4.885201939
0.5225532971     0.349781376     3.377238807     0.6781131066     0.6781818514     0.6781635362     -4.913319157
0.5245462796     0.3496426843     3.377610477     0.6782795071     0.6783508857     0.6783304998     -4.941541604
0.5265393447     0.3495076432     3.378008388     0.6784443884     0.6785169764     0.6784959144     -4.969871038
0.5285325358     0.3493765443     3.378429967     0.6786072488     0.6786810618     0.6786592802     -4.998309236
0.5305258928     0.3492496534     3.378870887     0.6787676146     0.6788426692     0.6788201228     -5.026858004
0.5325194518     0.3491272143     3.379329923     0.6789250375     0.6790028398     0.6789779967     -5.055521361
0.5345132453     0.3490094338     3.3798043     0.6790791071     0.6791552193     0.6791324789     -5.084296793
0.5365073005     0.3488965086     3.380291836     0.6792294299     0.6793098267     0.6792831969     -5.113190583
0.5385016417     0.3487885995     3.380789415     0.6793756509     0.6794558908     0.6794297742     -5.142202474
0.5404962877     0.3486858498     3.381295079     0.6795174385     0.6796005706     0.6795718943     -5.171336698
0.5424912538     0.3485883718     3.381805856     0.6796544963     0.6797375259     0.6797092488     -5.200593079
0.5444865505     0.3484962613     3.382321532     0.6797865516     0.6798725983     0.6798415768     -5.229976031
0.5464821846     0.3484095843     3.38283802     0.6799133668     0.6799994045     0.6799686292     -5.259485516
0.5484781587     0.3483283847     3.383353243     0.6800347332     0.6801207724     0.6800902036     -5.289121516
0.5504744716     0.3482526945     3.3838671     0.6801504623     0.6802413718     0.6802061203     -5.318891167
0.5524711194     0.348182515     3.384375694     0.6802604024     0.680351546     0.6803162107     -5.348794793
0.5544680944     0.3481178308     3.384878933     0.680364427     0.680457516     0.6804203605     -5.378835232
0.5564653864     0.3480586039     3.385373664     0.6804624395     0.6805559544     0.680518468     -5.40901309
0.5584629826     0.3480047813     3.385859384     0.6805543672     0.6806501061     0.6806104669     -5.439331617
0.5604608682     0.3479562925     3.386333663     0.680640163     0.6807383439     0.6806963082     -5.46979438
0.5624590266     0.3479130473     3.386796075     0.6807198079     0.680818915     0.6807759706     -5.500402725
0.5644574398     0.3478749465     3.387245447     0.680793301     0.6808971085     0.680849463     -5.531163537
0.5664560887     0.34784187     3.387679659     0.6808606702     0.6809659813     0.6809168027     -5.562079012
0.5684549535     0.3478136847     3.388098691     0.6809219655     0.6810290356     0.6809780466     -5.593151717
0.5704540138     0.3477902481     3.388501009     0.6809772547     0.681088305     0.6810332668     -5.624387483
0.5724532493     0.3477714068     3.388885946     0.6810266252     0.6811421882     0.6810825488     -5.655792925
0.5744526397     0.3477714068     3.388885946     1.362251999     0.6811421882     0.6811259996     -5.687198366
0.5744585097     0.3477714068     3.388885946     2.728603981     0.6811421882     1.364301991     -5.718603808
0.5744585183     0.3477714068     3.388885946     5.461307962     0.6811421882     2.730653981     -5.750009249
0.5744585183     0.3477714068     3.388885946     10.92671592     0.6811421882     5.463357962     -5.78141469
0.5744585183     0.3477714068     3.388885946     21.85753185     0.6811421882     10.92876592     -5.812820132
0.5744585183     0.3477714068     3.388885946     43.7191637     0.6811421882     21.85958185     -5.844225573
0.5744585183     0.3477714068     3.388885946     87.44242739     0.6811421882     43.7212137     -5.875631015
0.5744585183     0.3477714068     3.388885946     174.8889548     0.6811421882     87.44447739     -5.907036456
0.5744585183     0.3477714068     3.388885946     349.7820096     0.6811421882     174.8910048     -5.938441897
0.5744585183     0.3477714068     3.388885946     699.5681191     0.6811421882     349.7840596     -5.969847339
0.5744585183     0.3477714068     3.388885946     1399.140338     0.6811421882     699.5701691     -6.00125278
0.5744585183     0.3477714068     3.388885946     2798.284777     0.6811421882     1399.142388     -6.032658222
0.5744585183     0.3477714068     3.388885946     5596.573653     0.6811421882     2798.286827     -6.064063663
0.5744585183     0.3477714068     3.388885946     11193.15141     0.6811421882     5596.575703     -6.095469104
