0.01     0.293318     24.7342     0.979131     1.01983     1.5
0.011     0.299885     23.5182     0.977368     0.941596     1.5
0.012     0.305449     22.4532     0.97565     0.975557     1.5
0.013     0.310155     21.5109     0.973976     0.973888     1.01452
0.014     0.314122     20.6698     0.972342     0.972258     0.977218
0.015     0.317447     19.9132     0.970746     0.970666     0.975628
0.016     0.320213     19.2278     0.969186     0.96911     0.974075
0.017     0.322488     18.6031     0.96766     0.967587     0.972554
0.018     0.324333     18.0305     0.966164     0.966095     0.971064
0.019     0.325798     17.5032     0.964699     0.964633     0.969603
0.02     0.326928     17.0153     0.96326     0.963198     0.96817
0.021     0.327762     16.5623     0.961848     0.961788     0.966762
0.022     0.328332     16.1402     0.960459     0.960402     0.965378
0.023     0.32867     15.7454     0.959093     0.959039     0.964016
0.024     0.328801     15.3751     0.957747     0.957696     0.962675
0.025     0.328748     15.0269     0.956421     0.956372     0.961353
0.026     0.328532     14.6986     0.955113     0.955067     0.960049
0.027     0.328171     14.3884     0.953821     0.953777     0.958761
0.028     0.327682     14.0946     0.952545     0.952503     0.957488
0.029     0.32708     13.8156     0.951282     0.951243     0.956229
0.03     0.326377     13.5506     0.950033     0.949995     0.954983
0.031     0.325586     13.2981     0.948795     0.948759     0.953748
0.032     0.324717     13.0572     0.947568     0.947534     0.952524
0.033     0.32378     12.8271     0.94635     0.946318     0.951309
0.034     0.322783     12.6068     0.945141     0.945111     0.950102
0.035     0.321735     12.3958     0.943939     0.943911     0.948903
0.036     0.320642     12.1933     0.942744     0.942717     0.947711
0.037     0.319511     11.9987     0.941554     0.941529     0.946524
0.038     0.318348     11.8115     0.94037     0.940346     0.945341
0.039     0.317157     11.6315     0.939189     0.939167     0.944163
0.04     0.315945     11.4578     0.938012     0.937991     0.942988
0.041     0.314715     11.2904     0.936837     0.936818     0.941815
0.042     0.31347     11.1286     0.935664     0.935646     0.940644
0.043     0.312216     10.9722     0.934491     0.934474     0.939474
0.044     0.310955     10.8208     0.933319     0.933303     0.938303
0.045     0.30969     10.6744     0.932146     0.932132     0.937132
0.046     0.308424     10.5325     0.930972     0.930959     0.93596
0.047     0.30716     10.3948     0.929797     0.929785     0.934786
0.048     0.305899     10.2611     0.928619     0.928608     0.93361
0.049     0.304645     10.1315     0.927437     0.927427     0.93243
0.05     0.303398     10.0053     0.926252     0.926243     0.931247
0.051     0.302161     9.88287     0.925063     0.925055     0.930059
0.052     0.300934     9.76346     0.923869     0.923862     0.928867
0.053     0.299721     9.64745     0.92267     0.922663     0.927669
0.054     0.298522     9.5344     0.921464     0.921459     0.926465
0.055     0.297337     9.42414     0.920252     0.920248     0.925254
0.056     0.29617     9.31658     0.919033     0.919029     0.924037
0.057     0.29502     9.21166     0.917806     0.917804     0.922811
0.058     0.293888     9.10927     0.916571     0.91657     0.921578
0.059     0.292775     9.00932     0.915328     0.915327     0.920336
0.06     0.291683     8.91171     0.914075     0.914075     0.919084
0.061     0.290611     8.81635     0.912813     0.912814     0.917823
0.062     0.289562     8.7231     0.911541     0.911542     0.916552
0.063     0.288534     8.63187     0.910257     0.91026     0.91527
0.064     0.287529     8.54252     0.908963     0.908966     0.913977
0.065     0.286548     8.45494     0.907657     0.907661     0.912673
0.066     0.28559     8.36942     0.906339     0.906344     0.911356
0.067     0.284657     8.28562     0.905009     0.905014     0.910026
0.068     0.283749     8.20328     0.903665     0.903671     0.908684
0.069     0.282866     8.12283     0.902308     0.902314     0.907328
0.07     0.282008     8.04383     0.900937     0.900944     0.905958
0.071     0.281177     7.96627     0.899551     0.899558     0.904573
0.072     0.280372     7.89034     0.89815     0.898158     0.903173
0.073     0.279594     7.81563     0.896733     0.896742     0.901758
0.074     0.278843     7.74247     0.895301     0.89531     0.900326
0.075     0.27812     7.67053     0.893852     0.893862     0.898879
0.076     0.277424     7.59983     0.892386     0.892396     0.897414
0.077     0.276756     7.53055     0.890902     0.890913     0.895931
0.078     0.276117     7.46219     0.8894     0.889412     0.89443
0.079     0.275506     7.39527     0.88788     0.887892     0.892911
0.08     0.274924     7.32943     0.88634     0.886353     0.891373
0.081     0.274372     7.2645     0.884781     0.884795     0.889815
0.082     0.27385     7.20076     0.883201     0.883216     0.888236
0.083     0.273357     7.13819     0.8816     0.881616     0.886637
0.084     0.272895     7.0765     0.879979     0.879995     0.885016
0.085     0.272463     7.01568     0.878335     0.878352     0.883374
0.086     0.272062     6.95579     0.876668     0.876686     0.881709
0.087     0.271693     6.89711     0.874978     0.874997     0.88002
0.088     0.271355     6.83925     0.873265     0.873284     0.878308
0.089     0.27105     6.78222     0.871527     0.871547     0.876571
0.09     0.270777     6.726     0.869763     0.869784     0.874809
0.091     0.270537     6.67059     0.867974     0.867996     0.873022
0.092     0.270331     6.61597     0.866158     0.866181     0.871207
0.093     0.270159     6.56215     0.864315     0.864338     0.869366
0.094     0.270021     6.50909     0.862444     0.862468     0.867496
0.095     0.269918     6.4568     0.860544     0.860569     0.865598
0.096     0.269851     6.40531     0.858614     0.85864     0.86367
0.097     0.26982     6.35454     0.856654     0.856681     0.861711
0.098     0.269826     6.30445     0.854662     0.85469     0.859721
0.099     0.269869     6.25503     0.852638     0.852667     0.857699
0.1     0.269951     6.20627     0.850581     0.850611     0.855644
0.101     0.270071     6.15846     0.84849     0.848521     0.853555
0.102     0.270231     6.11101     0.846364     0.846395     0.851431
0.103     0.270432     6.06407     0.844201     0.844234     0.84927
0.104     0.270675     6.01802     0.842001     0.842035     0.847072
0.105     0.27096     5.9723     0.839763     0.839798     0.844836
0.106     0.271289     5.92723     0.837484     0.837521     0.842561
0.107     0.271663     5.88293     0.835165     0.835203     0.840244
0.108     0.272083     5.83885     0.832804     0.832843     0.837885
0.109     0.27255     5.79562     0.830399     0.83044     0.835483
0.11     0.273067     5.75292     0.827949     0.827991     0.833036
0.111     0.273633     5.7105     0.825453     0.825496     0.830543
0.112     0.274251     5.66876     0.822908     0.822954     0.828002
0.113     0.274923     5.62765     0.820313     0.820361     0.825411
0.114     0.27565     5.58672     0.817667     0.817717     0.822768
0.115     0.276434     5.54654     0.814968     0.815019     0.820073
0.116     0.277278     5.50688     0.812213     0.812266     0.817322
0.117     0.278184     5.46747     0.8094     0.809456     0.814514
0.118     0.279153     5.42853     0.806528     0.806587     0.811646
0.119     0.280189     5.39034     0.803594     0.803655     0.808717
0.12     0.281295     5.35238     0.800595     0.800659     0.805723
0.121     0.282473     5.31464     0.797529     0.797596     0.802663
0.122     0.283727     5.27771     0.794394     0.794464     0.799533
0.123     0.285061     5.24121     0.791185     0.791258     0.796331
0.124     0.286478     5.20493     0.7879     0.787977     0.793053
0.125     0.287982     5.1689     0.784536     0.784617     0.789696
0.126     0.289579     5.13374     0.781088     0.781173     0.786256
0.127     0.291273     5.09879     0.777553     0.777643     0.78273
0.128     0.293069     5.06412     0.773927     0.774022     0.779113
0.129     0.294975     5.02971     0.770205     0.770305     0.7754
0.13     0.296995     4.99612     0.766381     0.766487     0.771588
0.131     0.299138     4.96273     0.762452     0.762564     0.76767
0.132     0.301412     4.92961     0.75841     0.75853     0.763641
0.133     0.303825     4.8967     0.75425     0.754377     0.759495
0.134     0.306388     4.86456     0.749964     0.7501     0.755225
0.135     0.30911     4.83275     0.745546     0.745691     0.750823
0.136     0.312006     4.80115     0.740987     0.741142     0.746282
0.137     0.315087     4.76985     0.736277     0.736445     0.741594
0.138     0.318369     4.73901     0.731407     0.731588     0.736747
0.139     0.32187     4.70868     0.726366     0.726561     0.731731
0.14     0.325609     4.67866     0.721142     0.721353     0.726535
0.141     0.329609     4.64893     0.71572     0.71595     0.721145
0.142     0.333894     4.61952     0.710087     0.710337     0.715547
0.143     0.338494     4.59052     0.704223     0.704498     0.709725
0.144     0.343443     4.56213     0.698112     0.698414     0.703658
0.145     0.348778     4.53408     0.691729     0.692063     0.697329
0.146     0.354545     4.5064     0.685052     0.685422     0.690712
0.147     0.360797     4.4791     0.678053     0.678465     0.683782
0.148     0.367596     4.45222     0.670698     0.671161     0.676508
0.149     0.375015     4.42579     0.662952     0.663474     0.668856
0.15     0.383142     4.40024     0.654774     0.655366     0.660788
0.151     0.39208     4.37511     0.646116     0.646792     0.652258
0.152     0.401955     4.35057     0.636923     0.6377     0.643217
0.153     0.412913     4.32669     0.627135     0.628033     0.633608
0.154     0.425133     4.30355     0.616685     0.61773     0.623367
0.155     0.438817     4.28123     0.605504     0.606724     0.612427
0.156     0.454199     4.25984     0.593524     0.59495     0.600717
0.157     0.471517     4.23947     0.580697     0.582355     0.588176
0.158     0.490981     4.22018     0.567016     0.568916     0.574761
0.159     0.51269     4.20197     0.552558     0.554667     0.560477
0.16     0.536494     4.18465     0.537541     0.539749     0.545419
0.161     0.561843     4.16784     0.522363     0.524454     0.52983
0.162     0.587729     4.15095     0.507584     0.509267     0.51416
0.163     0.612846     4.13331     0.493796     0.494823     0.49908
0.164     0.635965     4.11434     0.481456     0.481752     0.485379
0.165     0.656252     4.09383     0.470782     0.470466     0.473681
0.166     0.673359     4.07173     0.461774     0.46106     0.46418
0.167     0.687313     4.04822     0.454299     0.453384     0.456653
0.168     0.698355     4.02362     0.448166     0.447188     0.450707
0.169     0.706816     3.99821     0.443182     0.442221     0.445993
0.17     0.713042     3.97265     0.439171     0.438264     0.442253
0.171     0.717357     3.94667     0.43598     0.435144     0.439308
0.172     0.72005     3.9205     0.433482     0.432719     0.437023
0.173     0.721371     3.89431     0.431574     0.430881     0.435295
0.174     0.721533     3.86852     0.430168     0.42954     0.434043
0.175     0.720719     3.84314     0.429195     0.428625     0.433199
0.176     0.719081     3.81804     0.428594     0.428075     0.432709
0.177     0.71675     3.79328     0.428318     0.427845     0.432526
0.178     0.713835     3.76884     0.428324     0.427892     0.432614
0.179     0.710431     3.74532     0.428579     0.428183     0.432939
0.18     0.706616     3.72231     0.429053     0.428689     0.433474
0.181     0.70246     3.69982     0.429721     0.429385     0.434195
0.182     0.69802     3.67784     0.430561     0.430251     0.435081
0.183     0.693346     3.65641     0.431555     0.431268     0.436117
0.184     0.688481     3.63555     0.432686     0.43242     0.437284
0.185     0.683463     3.61528     0.433941     0.433693     0.438571
0.186     0.678323     3.59567     0.435306     0.435074     0.439966
0.187     0.673088     3.57673     0.436771     0.436555     0.441456
0.188     0.667785     3.55837     0.438325     0.438123     0.443035
0.189     0.662432     3.54056     0.439961     0.439771     0.444692
0.19     0.657048     3.52332     0.44167     0.441492     0.44642
0.191     0.651649     3.50664     0.443445     0.443277     0.448212
0.192     0.646248     3.4905     0.445279     0.445122     0.450063
0.193     0.640858     3.47491     0.447168     0.447019     0.451966
0.194     0.635489     3.45985     0.449105     0.448965     0.453917
0.195     0.630149     3.44526     0.451085     0.450954     0.45591
0.196     0.624848     3.43123     0.453105     0.452981     0.457943
0.197     0.619591     3.4177     0.45516     0.455043     0.460008
0.198     0.614384     3.40474     0.457247     0.457136     0.462105
0.199     0.609233     3.39239     0.459361     0.459256     0.464229
0.2     0.604143     3.38044     0.4615     0.4614     0.466377
0.201     0.599116     3.36895     0.46366     0.463566     0.468545
0.202     0.594157     3.35789     0.465839     0.465751     0.470732
0.203     0.589267     3.34725     0.468034     0.46795     0.472935
0.204     0.58445     3.33696     0.470243     0.470163     0.475149
0.205     0.579708     3.32722     0.472462     0.472387     0.477377
0.206     0.575041     3.31808     0.47469     0.474619     0.47961
0.207     0.570453     3.30925     0.476925     0.476857     0.481852
0.208     0.565943     3.30074     0.479165     0.479101     0.484096
0.209     0.561512     3.29256     0.481406     0.481346     0.486344
0.21     0.557162     3.28497     0.483649     0.483592     0.488591
0.211     0.552893     3.27779     0.485891     0.485837     0.490839
0.212     0.548705     3.27085     0.48813     0.488078     0.493081
0.213     0.544599     3.26412     0.490364     0.490316     0.49532
0.214     0.540574     3.25816     0.492592     0.492547     0.497554
0.215     0.536631     3.25235     0.494813     0.494771     0.499778
0.216     0.53277     3.2467     0.497025     0.496985     0.501994
0.217     0.52899     3.24174     0.499227     0.499189     0.5042
0.218     0.525291     3.23695     0.501416     0.501381     0.506393
0.219     0.521673     3.2323     0.503593     0.50356     0.508573
0.22     0.518136     3.22833     0.505755     0.505724     0.510739
0.221     0.514679     3.22441     0.507901     0.507873     0.512888
0.222     0.511302     3.22085     0.51003     0.510004     0.515021
0.223     0.508003     3.21767     0.512142     0.512117     0.517135
0.224     0.504784     3.21452     0.514233     0.514211     0.51923
0.225     0.501642     3.21202     0.516305     0.516285     0.521305
0.226     0.498578     3.20948     0.518355     0.518337     0.523358
0.227     0.495591     3.20744     0.520383     0.520365     0.52539
0.228     0.492681     3.2055     0.522387     0.522371     0.527394
0.229     0.489845     3.2039     0.524366     0.524353     0.529378
0.23     0.487086     3.20248     0.52632     0.526307     0.531335
0.231     0.4844     3.20132     0.528247     0.528237     0.533262
0.232     0.481788     3.2004     0.530147     0.530139     0.535166
0.233     0.47925     3.19971     0.532019     0.532011     0.537041
0.234     0.476783     3.1992     0.533862     0.533856     0.538883
0.235     0.474388     3.19899     0.535674     0.53567     0.540701
0.236     0.472065     3.19882     0.537456     0.537452     0.542483
0.237     0.469811     3.19906     0.539207     0.539205     0.544235
0.238     0.467627     3.19925     0.540925     0.540924     0.545958
0.239     0.465513     3.19988     0.54261     0.542609     0.547643
0.24     0.463466     3.2005     0.544261     0.544263     0.549295
0.241     0.461486     3.20136     0.545879     0.545881     0.550917
0.242     0.459574     3.20243     0.547461     0.547464     0.552499
0.243     0.457727     3.20346     0.549008     0.549012     0.554048
0.244     0.455946     3.20491     0.550518     0.550524     0.55556
0.245     0.45423     3.20637     0.551992     0.551999     0.557035
0.246     0.452577     3.20787     0.553429     0.553437     0.558474
0.247     0.450988     3.20973     0.554829     0.554837     0.559875
0.248     0.449461     3.21155     0.55619     0.556199     0.561237
0.249     0.447995     3.21347     0.557514     0.557523     0.562562
0.25     0.446591     3.21565     0.558798     0.558808     0.563847
0.251     0.445245     3.21777     0.560045     0.560067     0.565094
0.252     0.443959     3.22009     0.561253     0.561265     0.566325
0.253     0.442732     3.22254     0.562421     0.562434     0.567464
0.254     0.441563     3.22496     0.56355     0.563563     0.568603
0.255     0.440451     3.22752     0.564638     0.564652     0.569692
0.256     0.439396     3.23022     0.565686     0.565702     0.570741
0.257     0.438397     3.23284     0.566694     0.566708     0.571752
0.258     0.437453     3.23568     0.567662     0.567678     0.572714
0.259     0.436563     3.2385     0.568589     0.568605     0.573648
0.26     0.435727     3.24135     0.569476     0.569492     0.574531
0.261     0.434943     3.24432     0.570322     0.57034     0.575379
0.262     0.434212     3.24723     0.571129     0.571144     0.576188
0.263     0.433532     3.25031     0.571895     0.571913     0.576948
0.264     0.432902     3.25328     0.572621     0.572638     0.577682
0.265     0.432321     3.25642     0.573308     0.573325     0.578364
0.266     0.431789     3.25945     0.573955     0.573972     0.579012
0.267     0.431306     3.26261     0.574562     0.574581     0.579619
0.268     0.430869     3.26571     0.575131     0.575148     0.58019
0.269     0.430478     3.26884     0.575661     0.57568     0.580714
0.27     0.430132     3.27201     0.576153     0.576172     0.581213
0.271     0.429831     3.27506     0.576608     0.576624     0.581665
0.272     0.429574     3.27827     0.577025     0.577042     0.582076
0.273     0.429359     3.28138     0.577405     0.577423     0.58246
0.274     0.429185     3.28444     0.577748     0.577766     0.582805
0.275     0.429053     3.28761     0.578056     0.578073     0.583108
0.276     0.42896     3.29069     0.578329     0.578347     0.583381
0.277     0.428906     3.29368     0.578567     0.578582     0.583621
0.278     0.428891     3.29677     0.578771     0.578789     0.583817
0.279     0.428912     3.29981     0.578941     0.578958     0.583995
0.28     0.428969     3.30279     0.579079     0.579097     0.584127
0.281     0.429061     3.30569     0.579186     0.5792     0.584236
0.282     0.429188     3.30863     0.57926     0.579277     0.584303
0.283     0.429347     3.31155     0.579305     0.579319     0.584354
0.284     0.429539     3.3144     0.579319     0.579334     0.584362
0.285     0.429762     3.3172     0.579305     0.579319     0.584348
0.286     0.430015     3.31995     0.579263     0.579278     0.584304
0.287     0.430297     3.32264     0.579193     0.579206     0.584236
0.288     0.430608     3.32532     0.579097     0.579109     0.584134
0.289     0.430945     3.32798     0.578975     0.578987     0.584013
0.29     0.431309     3.33058     0.578828     0.578841     0.583865
0.291     0.431698     3.33312     0.578657     0.578669     0.583695
0.292     0.432111     3.33562     0.578464     0.578474     0.583496
0.293     0.432548     3.33806     0.578248     0.578258     0.58328
0.294     0.433006     3.34045     0.578011     0.578022     0.583042
0.295     0.433486     3.34279     0.577753     0.577762     0.582785
0.296     0.433986     3.34507     0.577475     0.577484     0.582502
0.297     0.434505     3.34731     0.577179     0.577187     0.582206
0.298     0.435042     3.34948     0.576865     0.576874     0.581891
0.299     0.435597     3.3516     0.576535     0.576541     0.581561
0.3     0.436168     3.35366     0.576187     0.576194     0.581208
0.301     0.436754     3.35567     0.575825     0.575832     0.580846
0.302     0.437355     3.35767     0.575448     0.575453     0.580471
0.303     0.437969     3.3596     0.575058     0.575062     0.580074
0.304     0.438596     3.36147     0.574655     0.574659     0.579671
0.305     0.439234     3.36328     0.574239     0.574243     0.579255
0.306     0.439883     3.36502     0.573813     0.573817     0.578827
0.307     0.440542     3.3667     0.573376     0.573379     0.578392
0.308     0.441211     3.36839     0.57293     0.572933     0.57794
0.309     0.441887     3.37     0.572474     0.572476     0.577488
0.31     0.442571     3.37154     0.572011     0.572012     0.577018
0.311     0.443261     3.37302     0.57154     0.571541     0.576548
0.312     0.443957     3.3745     0.571062     0.571064     0.576069
0.313     0.444657     3.3759     0.570579     0.570578     0.575587
0.314     0.445362     3.37721     0.57009     0.570089     0.575093
0.315     0.446071     3.37855     0.569596     0.569595     0.5746
0.316     0.446782     3.37979     0.569099     0.569099     0.574101
0.317     0.447495     3.38099     0.568598     0.568596     0.573602
0.318     0.448209     3.38217     0.568094     0.568093     0.573093
0.319     0.448924     3.38324     0.567587     0.567585     0.57259
0.32     0.449639     3.38434     0.56708     0.567077     0.572077
0.321     0.450353     3.38533     0.566571     0.566567     0.571568
0.322     0.451066     3.38634     0.566061     0.566059     0.571058
0.323     0.451777     3.38723     0.565551     0.565547     0.57055
0.324     0.452486     3.38815     0.565042     0.565039     0.570036
0.325     0.453191     3.38897     0.564533     0.564527     0.56953
0.326     0.453897     3.38978     0.564023     0.564046     0.569016
0.327     0.4546     3.39055     0.563514     0.56351     0.568564
0.328     0.455297     3.39128     0.563008     0.563002     0.567974
0.329     0.45599     3.39196     0.562504     0.5625     0.567494
0.33     0.456676     3.3926     0.562003     0.561997     0.566999
0.331     0.457357     3.3932     0.561505     0.561499     0.566493
0.332     0.458032     3.39377     0.561011     0.561007     0.566001
0.333     0.4587     3.39432     0.56052     0.560515     0.565515
0.334     0.459361     3.39481     0.560034     0.560028     0.565023
0.335     0.460014     3.39524     0.559553     0.559547     0.56454
0.336     0.460659     3.39569     0.559076     0.559071     0.564067
0.337     0.461297     3.39607     0.558605     0.558599     0.563594
0.338     0.461925     3.39643     0.558138     0.558132     0.563127
0.339     0.462546     3.39674     0.557678     0.557672     0.562666
0.34     0.463157     3.39704     0.557223     0.557216     0.562211
0.341     0.463759     3.3973     0.556774     0.556767     0.561761
0.342     0.464351     3.39751     0.556331     0.556324     0.561318
0.343     0.464934     3.39772     0.555894     0.555887     0.560881
0.344     0.465507     3.39789     0.555464     0.555459     0.560449
0.345     0.46607     3.39803     0.555041     0.555034     0.560031
0.346     0.466622     3.39815     0.554624     0.554617     0.55961
0.347     0.467164     3.39823     0.554214     0.554209     0.559199
0.348     0.467696     3.39828     0.553811     0.553805     0.558801
0.349     0.468217     3.39831     0.553416     0.553409     0.558401
0.35     0.468727     3.39833     0.553027     0.553022     0.558012
0.351     0.469226     3.39831     0.552646     0.55264     0.557635
0.352     0.469714     3.39827     0.552273     0.552266     0.557258
0.353     0.470191     3.39821     0.551906     0.551901     0.556893
0.354     0.470657     3.39813     0.551547     0.551541     0.556535
0.355     0.471112     3.398     0.551196     0.55119     0.55618
0.356     0.471556     3.39789     0.550853     0.550847     0.55584
0.357     0.471988     3.39774     0.550516     0.550511     0.555505
0.358     0.472409     3.39757     0.550188     0.550182     0.555174
0.359     0.472819     3.39739     0.549867     0.549862     0.554854
0.36     0.473218     3.39718     0.549554     0.54955     0.554541
0.361     0.473605     3.39696     0.549249     0.549243     0.554237
0.362     0.473981     3.39671     0.548951     0.548947     0.553936
0.363     0.474346     3.39645     0.548661     0.548656     0.553651
0.364     0.4747     3.39618     0.548379     0.548375     0.553366
0.365     0.475042     3.39588     0.548104     0.5481     0.553093
0.366     0.475374     3.39559     0.547837     0.547833     0.552824
0.367     0.475694     3.39526     0.547578     0.547574     0.552566
0.368     0.476004     3.39493     0.547326     0.547322     0.552315
0.369     0.476302     3.39459     0.547082     0.547078     0.552069
0.37     0.47659     3.39423     0.546845     0.546842     0.551833
0.371     0.476866     3.39386     0.546616     0.546612     0.551605
0.372     0.477133     3.39347     0.546394     0.54639     0.551382
0.373     0.477388     3.39308     0.546179     0.546175     0.551169
0.374     0.477633     3.39268     0.545972     0.545968     0.55096
0.375     0.477868     3.39226     0.545772     0.545769     0.550761
0.376     0.478093     3.39184     0.545579     0.545576     0.550569
0.377     0.478307     3.39141     0.545393     0.54539     0.550383
0.378     0.478511     3.39097     0.545214     0.545212     0.550204
0.379     0.478706     3.39052     0.545042     0.54504     0.550034
0.38     0.47889     3.39006     0.544877     0.544875     0.549868
0.381     0.479065     3.3896     0.544719     0.544717     0.549709
0.382     0.47923     3.38913     0.544568     0.544567     0.549559
0.383     0.479386     3.38865     0.544423     0.544421     0.549416
0.384     0.479533     3.38816     0.544285     0.544284     0.549276
0.385     0.47967     3.38768     0.544153     0.544152     0.549146
0.386     0.479798     3.38719     0.544028     0.544027     0.54902
0.387     0.479918     3.38669     0.543909     0.543908     0.548903
0.388     0.480029     3.38619     0.543797     0.543796     0.54879
0.389     0.480131     3.38569     0.54369     0.54369     0.548684
0.39     0.480225     3.38518     0.54359     0.54359     0.548584
0.391     0.480311     3.38466     0.543495     0.543495     0.548489
0.392     0.480388     3.38416     0.543407     0.543407     0.5484
0.393     0.480457     3.38364     0.543324     0.543324     0.54832
0.394     0.480519     3.38313     0.543247     0.543248     0.548241
0.395     0.480573     3.38261     0.543176     0.543177     0.548171
0.396     0.48062     3.38209     0.54311     0.54311     0.548106
0.397     0.480659     3.38157     0.543049     0.543051     0.548044
0.398     0.480691     3.38105     0.542994     0.542996     0.547991
0.399     0.480715     3.38053     0.542944     0.542946     0.547941
0.4     0.480733     3.38002     0.5429     0.542902     0.547895
0.401     0.480745     3.3795     0.54286     0.542862     0.547858
0.402     0.480749     3.37898     0.542825     0.542827     0.547822
0.403     0.480748     3.37847     0.542795     0.542798     0.547792
0.404     0.48074     3.37795     0.54277     0.542772     0.547768
0.405     0.480726     3.37744     0.542749     0.542752     0.547746
0.406     0.480706     3.37694     0.542733     0.542736     0.547732
0.407     0.48068     3.37643     0.542721     0.542724     0.54772
0.408     0.480649     3.37593     0.542714     0.542718     0.547712
0.409     0.480612     3.37543     0.542711     0.542715     0.547711
0.41     0.48057     3.37493     0.542712     0.542716     0.547712
0.411     0.480523     3.37444     0.542717     0.542721     0.547717
0.412     0.48047     3.37395     0.542726     0.542731     0.547726
0.413     0.480413     3.37346     0.542739     0.542743     0.54774
0.414     0.480352     3.37298     0.542756     0.542761     0.547756
0.415     0.480285     3.37251     0.542776     0.54278     0.547778
0.416     0.480215     3.37204     0.5428     0.542805     0.5478
0.417     0.48014     3.37157     0.542827     0.542832     0.54783
0.418     0.480061     3.37111     0.542858     0.542863     0.547859
0.419     0.479978     3.37066     0.542892     0.542897     0.547894
0.42     0.479892     3.3702     0.542929     0.542934     0.547931
0.421     0.479802     3.36976     0.542969     0.542974     0.547971
0.422     0.479708     3.36932     0.543012     0.543018     0.548015
0.423     0.479611     3.36889     0.543057     0.543063     0.548061
0.424     0.479511     3.36846     0.543106     0.543112     0.548109
0.425     0.479408     3.36805     0.543157     0.543164     0.548161
0.426     0.479302     3.36763     0.543211     0.543218     0.548216
0.427     0.479193     3.36723     0.543267     0.543274     0.548271
0.428     0.479082     3.36683     0.543326     0.543333     0.548331
0.429     0.478968     3.36644     0.543387     0.543394     0.548392
0.43     0.478851     3.36605     0.54345     0.543458     0.548455
0.431     0.478733     3.36567     0.543516     0.543523     0.548521
0.432     0.478613     3.3653     0.543583     0.543591     0.548589
0.433     0.47849     3.36494     0.543652     0.54366     0.548658
0.434     0.478366     3.36458     0.543723     0.543731     0.548729
0.435     0.47824     3.36424     0.543796     0.543804     0.548803
0.436     0.478113     3.3639     0.543871     0.543879     0.548877
0.437     0.477984     3.36356     0.543947     0.543955     0.548953
0.438     0.477854     3.36324     0.544024     0.544033     0.549031
0.439     0.477722     3.36292     0.544103     0.544112     0.54911
0.44     0.47759     3.36261     0.544183     0.544192     0.549191
0.441     0.477456     3.36231     0.544265     0.544274     0.549272
0.442     0.477322     3.36202     0.544347     0.544356     0.549355
0.443     0.477187     3.36173     0.544431     0.54444     0.549439
0.444     0.477052     3.36145     0.544516     0.544525     0.549524
0.445     0.476916     3.36118     0.544601     0.544611     0.54961
0.446     0.476779     3.36092     0.544687     0.544697     0.549696
0.447     0.476643     3.36067     0.544775     0.544784     0.549783
0.448     0.476506     3.36042     0.544862     0.544872     0.549872
0.449     0.476369     3.36019     0.544951     0.544961     0.54996
0.45     0.476232     3.35996     0.545039     0.54505     0.550049
0.451     0.476095     3.35973     0.545129     0.545139     0.550139
0.452     0.475959     3.35952     0.545218     0.545229     0.550228
0.453     0.475822     3.35932     0.545308     0.545319     0.550319
0.454     0.475686     3.35912     0.545398     0.545409     0.550409
0.455     0.475551     3.35893     0.545489     0.5455     0.550499
0.456     0.475416     3.35875     0.545579     0.54559     0.55059
0.457     0.475282     3.35857     0.54567     0.54568     0.550681
0.458     0.475149     3.35841     0.54576     0.545771     0.550771
0.459     0.475016     3.35825     0.54585     0.545861     0.550862
0.46     0.474884     3.3581     0.54594     0.545952     0.550952
0.461     0.474754     3.35796     0.54603     0.546041     0.551042
0.462     0.474624     3.35782     0.54612     0.546131     0.551131
0.463     0.474496     3.3577     0.546209     0.54622     0.551221
0.464     0.474368     3.35758     0.546298     0.546309     0.55131
0.465     0.474242     3.35746     0.546386     0.546398     0.551398
0.466     0.474117     3.35736     0.546474     0.546486     0.551486
0.467     0.473994     3.35726     0.546561     0.546573     0.551574
0.468     0.473872     3.35717     0.546647     0.54666     0.55166
0.469     0.473752     3.35709     0.546733     0.546746     0.551746
0.47     0.473633     3.35701     0.546818     0.546831     0.551832
0.471     0.473516     3.35694     0.546903     0.546915     0.551916
0.472     0.4734     3.35688     0.546986     0.546999     0.552
0.473     0.473286     3.35682     0.547069     0.547081     0.552083
0.474     0.473174     3.35677     0.547151     0.547164     0.552164
0.475     0.473064     3.35673     0.547232     0.547244     0.552246
0.476     0.472956     3.35669     0.547311     0.547324     0.552325
0.477     0.472849     3.35666     0.54739     0.547403     0.552404
0.478     0.472745     3.35663     0.547468     0.547481     0.552482
0.479     0.472642     3.35661     0.547544     0.547557     0.552558
0.48     0.472542     3.3566     0.54762     0.547633     0.552634
0.481     0.472443     3.35659     0.547694     0.547707     0.552708
0.482     0.472347     3.35659     0.547767     0.54778     0.552782
0.483     0.472252     3.35659     0.547839     0.547852     0.552853
0.484     0.47216     3.3566     0.547909     0.547923     0.552924
0.485     0.47207     3.35661     0.547979     0.547992     0.552993
0.486     0.471982     3.35663     0.548047     0.54806     0.553061
0.487     0.471896     3.35666     0.548113     0.548127     0.553128
0.488     0.471813     3.35669     0.548178     0.548192     0.553193
0.489     0.471731     3.35672     0.548242     0.548256     0.553257
0.49     0.471652     3.35676     0.548305     0.548318     0.553319
0.491     0.471576     3.3568     0.548366     0.548379     0.55338
0.492     0.471501     3.35684     0.548425     0.548439     0.55344
0.493     0.471429     3.35689     0.548483     0.548497     0.553498
0.494     0.471359     3.35695     0.54854     0.548553     0.553555
0.495     0.471291     3.35701     0.548595     0.548609     0.55361
0.496     0.471225     3.35707     0.548649     0.548662     0.553664
0.497     0.471162     3.35713     0.548701     0.548714     0.553716
0.498     0.471101     3.3572     0.548751     0.548765     0.553767
0.499     0.471042     3.35728     0.5488     0.548814     0.553815
0.5     0.470986     3.35735     0.548848     0.548862     0.553863
0.501     0.470932     3.35743     0.548894     0.548908     0.553909
0.502     0.47088     3.35751     0.548938     0.548952     0.553954
0.503     0.47083     3.35759     0.548981     0.548995     0.553997
0.504     0.470783     3.35768     0.549023     0.549037     0.554038
0.505     0.470737     3.35777     0.549063     0.549076     0.554078
0.506     0.470694     3.35786     0.549101     0.549115     0.554116
0.507     0.470653     3.35795     0.549138     0.549152     0.554154
0.508     0.470615     3.35805     0.549173     0.549187     0.554188
0.509     0.470578     3.35814     0.549207     0.549221     0.554223
0.51     0.470544     3.35824     0.549239     0.549253     0.554255
0.511     0.470511     3.35834     0.54927     0.549284     0.554286
0.512     0.470481     3.35845     0.5493     0.549313     0.554315
0.513     0.470453     3.35855     0.549327     0.549341     0.554343
0.514     0.470426     3.35865     0.549354     0.549368     0.554369
0.515     0.470402     3.35876     0.549379     0.549392     0.554394
0.516     0.47038     3.35886     0.549402     0.549416     0.554417
0.517     0.47036     3.35897     0.549424     0.549438     0.554439
0.518     0.470341     3.35908     0.549445     0.549459     0.55446
0.519     0.470325     3.35919     0.549464     0.549478     0.554479
0.52     0.47031     3.3593     0.549482     0.549496     0.554497
0.521     0.470297     3.35941     0.549498     0.549512     0.554513
0.522     0.470286     3.35952     0.549514     0.549527     0.554529
0.523     0.470277     3.35963     0.549527     0.549541     0.554543
0.524     0.470269     3.35974     0.54954     0.549554     0.554555
0.525     0.470264     3.35985     0.549551     0.549565     0.554566
0.526     0.470259     3.35996     0.549561     0.549575     0.554576
0.527     0.470257     3.36007     0.54957     0.549584     0.554585
0.528     0.470255     3.36018     0.549578     0.549591     0.554592
0.529     0.470256     3.36029     0.549584     0.549598     0.554599
0.53     0.470258     3.3604     0.549589     0.549603     0.554604
0.531     0.470261     3.36051     0.549593     0.549607     0.554608
0.532     0.470266     3.36061     0.549596     0.54961     0.554611
0.533     0.470272     3.36072     0.549598     0.549612     0.554612
0.534     0.47028     3.36083     0.549599     0.549612     0.554614
0.535     0.470288     3.36093     0.549599     0.549612     0.554613
0.536     0.470298     3.36104     0.549597     0.549611     0.554612
0.537     0.470309     3.36114     0.549595     0.549609     0.554609
0.538     0.470322     3.36124     0.549592     0.549605     0.554606
0.539     0.470335     3.36134     0.549588     0.549601     0.554602
0.54     0.47035     3.36144     0.549583     0.549596     0.554597
0.541     0.470365     3.36154     0.549577     0.54959     0.554591
0.542     0.470382     3.36164     0.54957     0.549583     0.554584
0.543     0.4704     3.36173     0.549563     0.549576     0.554577
0.544     0.470418     3.36183     0.549554     0.549568     0.554568
0.545     0.470437     3.36192     0.549545     0.549559     0.554559
0.546     0.470457     3.36201     0.549536     0.549549     0.55455
0.547     0.470478     3.3621     0.549525     0.549538     0.554539
0.548     0.4705     3.36219     0.549514     0.549527     0.554528
0.549     0.470523     3.36227     0.549502     0.549515     0.554516
0.55     0.470546     3.36236     0.54949     0.549503     0.554503
0.551     0.470569     3.36244     0.549477     0.54949     0.55449
0.552     0.470594     3.36252     0.549463     0.549476     0.554477
0.553     0.470618     3.3626     0.549449     0.549462     0.554462
0.554     0.470644     3.36268     0.549434     0.549447     0.554448
0.555     0.470669     3.36275     0.549419     0.549432     0.554433
0.556     0.470696     3.36282     0.549404     0.549417     0.554417
0.557     0.470722     3.36289     0.549388     0.549401     0.554401
0.558     0.470749     3.36296     0.549372     0.549384     0.554385
0.559     0.470777     3.36303     0.549355     0.549368     0.554368
0.56     0.470804     3.3631     0.549338     0.549351     0.554351
0.561     0.470832     3.36316     0.549321     0.549333     0.554334
0.562     0.47086     3.36322     0.549303     0.549316     0.554316
0.563     0.470888     3.36328     0.549285     0.549298     0.554298
0.564     0.470917     3.36334     0.549267     0.54928     0.55428
0.565     0.470945     3.36339     0.549249     0.549261     0.554262
0.566     0.470974     3.36344     0.54923     0.549243     0.554243
0.567     0.471002     3.3635     0.549211     0.549224     0.554224
0.568     0.471031     3.36354     0.549193     0.549205     0.554206
0.569     0.47106     3.36359     0.549174     0.549186     0.554186
0.57     0.471088     3.36364     0.549155     0.549167     0.554167
0.571     0.471117     3.36368     0.549136     0.549148     0.554148
0.572     0.471145     3.36372     0.549117     0.549129     0.554129
0.573     0.471174     3.36376     0.549097     0.54911     0.55411
0.574     0.471202     3.3638     0.549078     0.549091     0.554091
0.575     0.47123     3.36383     0.549059     0.549072     0.554072
0.576     0.471258     3.36387     0.54904     0.549052     0.554052
0.577     0.471285     3.3639     0.549021     0.549033     0.554033
0.578     0.471313     3.36393     0.549002     0.549014     0.554014
0.579     0.47134     3.36395     0.548983     0.548995     0.553995
0.58     0.471367     3.36398     0.548964     0.548977     0.553977
0.581     0.471393     3.364     0.548946     0.548958     0.553958
0.582     0.471419     3.36403     0.548927     0.548939     0.553939
0.583     0.471445     3.36405     0.548909     0.548921     0.553921
0.584     0.471471     3.36407     0.54889     0.548903     0.553903
0.585     0.471496     3.36408     0.548872     0.548885     0.553885
0.586     0.471521     3.3641     0.548855     0.548867     0.553867
0.587     0.471545     3.36411     0.548837     0.548849     0.553849
0.588     0.471569     3.36412     0.54882     0.548832     0.553832
0.589     0.471592     3.36413     0.548802     0.548815     0.553814
0.59     0.471615     3.36414     0.548785     0.548798     0.553797
0.591     0.471638     3.36415     0.548769     0.548781     0.553781
0.592     0.47166     3.36416     0.548752     0.548765     0.553764
0.593     0.471681     3.36416     0.548736     0.548749     0.553748
0.594     0.471702     3.36417     0.54872     0.548733     0.553732
0.595     0.471723     3.36417     0.548705     0.548717     0.553717
0.596     0.471743     3.36417     0.54869     0.548702     0.553702
0.597     0.471763     3.36417     0.548675     0.548687     0.553687
0.598     0.471782     3.36417     0.54866     0.548672     0.553672
0.599     0.4718     3.36416     0.548646     0.548658     0.553658
0.6     0.471818     3.36416     0.548632     0.548644     0.553644
0.601     0.471836     3.36415     0.548618     0.548631     0.55363
0.602     0.471853     3.36415     0.548605     0.548617     0.553617
0.603     0.471869     3.36414     0.548592     0.548605     0.553604
0.604     0.471885     3.36413     0.54858     0.548592     0.553592
0.605     0.4719     3.36412     0.548568     0.54858     0.553579
0.606     0.471915     3.36411     0.548556     0.548568     0.553568
0.607     0.471929     3.3641     0.548544     0.548557     0.553556
0.608     0.471943     3.36409     0.548533     0.548545     0.553545
0.609     0.471956     3.36407     0.548522     0.548535     0.553534
0.61     0.471968     3.36406     0.548512     0.548524     0.553524
0.611     0.47198     3.36404     0.548502     0.548514     0.553514
0.612     0.471992     3.36403     0.548492     0.548505     0.553504
0.613     0.472003     3.36401     0.548483     0.548496     0.553495
0.614     0.472013     3.364     0.548474     0.548487     0.553486
0.615     0.472023     3.36398     0.548466     0.548478     0.553478
0.616     0.472032     3.36396     0.548458     0.54847     0.55347
0.617     0.472041     3.36394     0.54845     0.548462     0.553462
0.618     0.472049     3.36392     0.548442     0.548455     0.553454
0.619     0.472057     3.3639     0.548435     0.548448     0.553447
0.62     0.472064     3.36388     0.548429     0.548441     0.553441
0.621     0.472071     3.36386     0.548422     0.548435     0.553434
0.622     0.472077     3.36384     0.548416     0.548429     0.553428
0.623     0.472083     3.36382     0.548411     0.548423     0.553423
0.624     0.472089     3.3638     0.548405     0.548418     0.553417
0.625     0.472093     3.36378     0.5484     0.548413     0.553412
0.626     0.472098     3.36376     0.548396     0.548408     0.553408
0.627     0.472102     3.36374     0.548391     0.548404     0.553403
0.628     0.472105     3.36372     0.548387     0.5484     0.5534
0.629     0.472108     3.36369     0.548384     0.548396     0.553396
0.63     0.472111     3.36367     0.54838     0.548393     0.553393
0.631     0.472113     3.36365     0.548377     0.54839     0.55339
0.632     0.472115     3.36363     0.548374     0.548387     0.553387
0.633     0.472116     3.36361     0.548372     0.548385     0.553384
0.634     0.472118     3.36358     0.54837     0.548383     0.553382
0.635     0.472118     3.36356     0.548368     0.548381     0.553381
0.636     0.472119     3.36354     0.548366     0.548379     0.553379
0.637     0.472118     3.36352     0.548365     0.548378     0.553378
0.638     0.472118     3.3635     0.548364     0.548377     0.553377
0.639     0.472117     3.36347     0.548363     0.548376     0.553376
0.64     0.472116     3.36345     0.548363     0.548376     0.553375
0.641     0.472115     3.36343     0.548362     0.548375     0.553375
0.642     0.472113     3.36341     0.548362     0.548375     0.553375
0.643     0.472112     3.36339     0.548363     0.548376     0.553375
0.644     0.472109     3.36337     0.548363     0.548376     0.553376
0.645     0.472107     3.36335     0.548364     0.548377     0.553376
0.646     0.472104     3.36333     0.548364     0.548378     0.553377
0.647     0.472101     3.36331     0.548365     0.548379     0.553378
0.648     0.472098     3.36329     0.548367     0.54838     0.55338
0.649     0.472095     3.36327     0.548368     0.548381     0.553381
0.65     0.472091     3.36325     0.54837     0.548383     0.553383
0.651     0.472087     3.36323     0.548371     0.548385     0.553385
0.652     0.472083     3.36322     0.548373     0.548387     0.553387
0.653     0.472079     3.3632     0.548375     0.548389     0.553389
0.654     0.472075     3.36318     0.548378     0.548391     0.553391
0.655     0.47207     3.36316     0.54838     0.548393     0.553393
0.656     0.472066     3.36315     0.548382     0.548396     0.553396
0.657     0.472061     3.36313     0.548385     0.548399     0.553399
0.658     0.472056     3.36312     0.548388     0.548401     0.553401
0.659     0.472051     3.3631     0.548391     0.548404     0.553404
0.66     0.472046     3.36308     0.548394     0.548407     0.553407
0.661     0.472041     3.36307     0.548397     0.54841     0.55341
0.662     0.472036     3.36306     0.5484     0.548414     0.553414
0.663     0.47203     3.36304     0.548403     0.548417     0.553417
0.664     0.472025     3.36303     0.548406     0.54842     0.55342
0.665     0.472019     3.36302     0.54841     0.548424     0.553424
0.666     0.472014     3.363     0.548413     0.548427     0.553427
0.667     0.472008     3.36299     0.548417     0.548431     0.553431
0.668     0.472003     3.36298     0.54842     0.548434     0.553434
0.669     0.471997     3.36297     0.548424     0.548438     0.553438
0.67     0.471992     3.36296     0.548427     0.548442     0.553442
0.671     0.471986     3.36295     0.548431     0.548446     0.553445
0.672     0.47198     3.36294     0.548435     0.548449     0.553449
0.673     0.471975     3.36293     0.548439     0.548453     0.553453
0.674     0.471969     3.36292     0.548442     0.548457     0.553457
0.675     0.471963     3.36292     0.548446     0.548461     0.553461
0.676     0.471958     3.36291     0.54845     0.548465     0.553465
0.677     0.471952     3.3629     0.548453     0.548468     0.553468
0.678     0.471947     3.36289     0.548457     0.548472     0.553472
0.679     0.471941     3.36289     0.548461     0.548476     0.553476
0.68     0.471936     3.36288     0.548465     0.54848     0.55348
0.681     0.471931     3.36288     0.548468     0.548484     0.553484
0.682     0.471926     3.36287     0.548472     0.548487     0.553487
0.683     0.47192     3.36287     0.548476     0.548491     0.553491
0.684     0.471915     3.36286     0.548479     0.548495     0.553495
0.685     0.47191     3.36286     0.548483     0.548499     0.553499
0.686     0.471905     3.36285     0.548486     0.548502     0.553502
0.687     0.4719     3.36285     0.54849     0.548506     0.553506
0.688     0.471896     3.36285     0.548493     0.54851     0.55351
0.689     0.471891     3.36285     0.548497     0.548513     0.553513
0.69     0.471886     3.36284     0.5485     0.548517     0.553517
0.691     0.471882     3.36284     0.548503     0.54852     0.55352
0.692     0.471877     3.36284     0.548507     0.548523     0.553524
0.693     0.471873     3.36284     0.54851     0.548527     0.553527
0.694     0.471869     3.36284     0.548513     0.54853     0.55353
0.695     0.471865     3.36284     0.548516     0.548533     0.553533
0.696     0.471861     3.36284     0.548519     0.548537     0.553537
0.697     0.471857     3.36284     0.548522     0.54854     0.55354
0.698     0.471853     3.36284     0.548525     0.548543     0.553543
0.699     0.47185     3.36284     0.548528     0.548546     0.553546
0.7     0.471846     3.36284     0.54853     0.548549     0.553549
0.701     0.471843     3.36284     0.548533     0.548552     0.553552
0.702     0.47184     3.36284     0.548535     0.548555     0.553555
0.703     0.471836     3.36284     0.548538     0.548557     0.553557
0.704     0.471833     3.36284     0.54854     0.54856     0.55356
0.705     0.471831     3.36285     0.548543     0.548563     0.553563
0.706     0.471828     3.36285     0.548545     0.548565     0.553565
0.707     0.471825     3.36285     0.548547     0.548568     0.553568
0.708     0.471823     3.36285     0.548549     0.54857     0.553571
0.709     0.47182     3.36286     0.548551     0.548573     0.553573
0.71     0.471818     3.36286     0.548553     0.548575     0.553575
0.711     0.471816     3.36286     0.548555     0.548577     0.553578
0.712     0.471814     3.36287     0.548557     0.54858     0.55358
0.713     0.471812     3.36287     0.548558     0.548582     0.553582
0.714     0.47181     3.36287     0.54856     0.548584     0.553584
0.715     0.471808     3.36288     0.548561     0.548586     0.553586
0.716     0.471807     3.36288     0.548563     0.548588     0.553589
0.717     0.471805     3.36288     0.548564     0.548591     0.55359
0.718     0.471804     3.36289     0.548565     0.548593     0.553593
0.719     0.471803     3.36289     0.548567     0.548595     0.553595
0.72     0.471801     3.36289     0.548568     0.548597     0.553597
0.721     0.4718     3.3629     0.548569     0.548599     0.553599
0.722     0.471799     3.3629     0.54857     0.548601     0.553601
0.723     0.471799     3.36291     0.548571     0.548603     0.553603
0.724     0.471798     3.36291     0.548571     0.548605     0.553605
0.725     0.471797     3.36292     0.548572     0.548607     0.553607
0.726     0.471797     3.36292     0.548573     0.548609     0.553609
0.727     0.471796     3.36292     0.548573     0.548611     0.553611
0.728     0.471796     3.36293     0.548574     0.548614     0.553613
0.729     0.471796     3.36293     0.548574     0.548616     0.553616
0.73     0.471795     3.36294     0.548575     0.548618     0.553618
0.731     0.471795     3.36294     0.548575     0.548621     0.553621
0.732     0.471795     3.36295     0.548576     0.548624     0.553624
0.733     0.471795     3.36295     0.548576     0.548627     0.553627
0.734     0.471795     3.36295     0.548576     0.548631     0.55363
0.735     0.471796     3.36296     0.548576     0.548634     0.553634
0.736     0.471796     3.36296     0.548576     0.548638     0.553638
0.737     0.471796     3.36297     0.548576     0.548643     0.553642
0.738     0.471797     3.36297     0.548576     0.548648     0.553648
0.739     0.471797     3.36297     0.548576     0.548654     0.553653
0.74     0.471798     3.36298     0.548576     0.548661     0.55366
0.741     0.471798     3.36298     0.548575     0.548669     0.553668
0.742     0.471799     3.36299     0.548575     0.548678     0.553677
0.743     0.4718     3.36299     0.548575     0.548689     0.553688
0.744     0.471801     3.36299     0.548574     0.548703     0.5537
0.745     0.471801     3.363     0.548574     0.548719     0.553716
0.746     0.471802     3.363     0.548574     0.54874     0.553736
0.747     0.471803     3.363     0.548573     0.548766     0.553761
0.748     0.471804     3.36301     0.548573     0.5488     0.553792
0.749     0.471805     3.36301     0.548572     0.548846     0.553834
0.75     0.471806     3.36301     0.548571     0.548911     0.553892
0.751     0.471808     3.36302     0.548571     0.549005     0.553975
0.752     0.471809     3.36302     0.54857     0.549157     0.5541
0.753     0.47181     3.36302     0.548569     0.549421     0.554308
0.754     0.471812     3.36303     0.548568     0.54998     0.554686
0.755     0.471813     3.36303     0.548567     0.551698     0.555538
0.756     0.471813     3.36303     1.11683     0.551698     0.558416
0.757     0.471813     3.36303     1.1134     0.551698     0.556698
0.758     0.471813     3.36303     1.1134     0.551698     0.556698
0.759     0.471813     3.36303     1.1134     0.551698     0.556698
