0   0.04    1    -0.1933139064    0    0
0.1001001001   0.03995426223    1.000074961    -0.1932649331    4.1261537e-08    7.502799121e-06
0.2002002002   0.03992213784    1.000298704    -0.1931184248    -0.0005232592711    5.977389301e-05
0.3003003003   0.0398517318    1.000670768    -0.1928747764    -0.0008716589827    0.0002012293797
0.4004004004   0.0397484462    1.001189542    -0.1925345775    -0.001187002237    0.0004754446548
0.5005005005   0.0396141901    1.001852754    -0.1920987302    -0.001489770479    0.0009247337319
0.6006006006   0.0394498845    1.002657519    -0.1915684094    -0.001784427736    0.001589767601
0.7007007007   0.03925620887    1.003600344    -0.1909450461    -0.002071951008    0.002509204323
0.8008008008   0.03903379722    1.004677141    -0.190230317    -0.002352279204    0.003719344367
0.9009009009   0.03878330286    1.00588325    -0.1894261351    -0.002624986978    0.005253815826
1.001001001   0.03850542274    1.007213457    -0.1885346398    -0.002889516804    0.007143293255
1.101101101   0.03820090697    1.008662022    -0.1875581862    -0.0031452732    0.009415253271
1.201201201   0.03787056181    1.010222709    -0.1864993329    -0.003391666365    0.01209376945
1.301301301   0.03751524962    1.011888819    -0.1853608297    -0.003628134743    0.01519934839
1.401401401   0.03713588705    1.013653225    -0.1841456035    -0.003854157828    0.01874880824
1.501501502   0.03673344227    1.015508412    -0.1828567442    -0.004069263964    0.02275520021
1.601601602   0.0363089315    1.017446518    -0.1814974897    -0.004273035317    0.02722777296
1.701701702   0.03586341505    1.019459383    -0.1800712096    -0.004465111084    0.03217197921
1.801801802   0.035397993    1.021538592    -0.1785813891    -0.004645189467    0.03758952319
1.901901902   0.03491380065    1.023675528    -0.1770316124    -0.004813028729    0.043478447
2.002002002   0.03441200366    1.025861421    -0.1754255458    -0.004968447493    0.04983325339
2.102102102   0.03389379316    1.028087408    -0.1737669199    -0.0051113244    0.05664506219
2.202202202   0.03336038056    1.030344578    -0.172059513    -0.005241597204    0.06390179696
2.302302302   0.03281299248    1.032624037    -0.1703071339    -0.005359261357    0.07158839828
2.402402402   0.03225286547    1.034916955    -0.1685136045    -0.005464368138    0.0796870598
2.502502503   0.03168124086    1.037214625    -0.1666827434    -0.005557022376    0.08817748302
2.602602603   0.03109935959    1.039508518    -0.1648183501    -0.005637379808    0.09703714665
2.702702703   0.03050845718    1.041790327    -0.1629241887    -0.005705644115    0.1062415864
2.802802803   0.02990975874    1.044052024    -0.1610039737    -0.005762063696    0.1157646812
2.902902903   0.02930447425    1.046285903    -0.1590613554    -0.005806928205    0.1255789416
3.003003003   0.02869379396    1.048484621    -0.1570999067    -0.005840564915    0.1356557972
3.103103103   0.02807888406    1.050641241    -0.1551231111    -0.005863334954    0.1459658789
3.203203203   0.02746088263    1.052749259    -0.153134351    -0.005875629447    0.1564792932
3.303303303   0.02684089583    1.054802642    -0.151136898    -0.005877865621    0.1671658854
3.403403403   0.02621999446    1.056795846    -0.1491339036    -0.005870482909    0.1779954898
3.503503504   0.02559921081    1.058723836    -0.147128391    -0.005853939102    0.1889381637
3.603603604   0.02497953591    1.060582102    -0.1451232492    -0.005828706571    0.1999644042
3.703703704   0.02436191711    1.062366666    -0.1431212266    -0.005795268612    0.2110453466
3.803803804   0.02374725603    1.064074085    -0.1411249274    -0.005754115928    0.2221529432
3.903903904   0.02313640689    1.065701446    -0.1391368078    -0.005705743288    0.2332601206
4.004004004   0.02253017519    1.067246367    -0.1371591741    -0.005650646376    0.2443409185
4.104104104   0.0219293168    1.068706978    -0.1351941817    -0.005589318856    0.2553706058
4.204204204   0.02133453731    1.070081907    -0.133243835    -0.00552224966    0.2663257785
4.304304304   0.02074649181    1.071370265    -0.1313099882    -0.005449920515    0.2771844365
4.404404404   0.02016578497    1.072571619    -0.1293943471    -0.005372803715    0.2879260428
4.504504505   0.01959297132    1.073685968    -0.1274984717    -0.005291360136    0.298531564
4.604604605   0.01902855595    1.074713716    -0.1256237792    -0.005206037495    0.3089834952
4.704704705   0.0184729954    1.075655644    -0.1237715481    -0.005117268858    0.3192658688
4.804804805   0.01792669871    1.076512877    -0.1219429226    -0.005025471373    0.3293642499
4.904904905   0.01739002881    1.077286854    -0.1201389172    -0.004931045235    0.3392657186
5.005005005   0.01686330398    1.077979296    -0.1183604224    -0.004834372861    0.3489588414
5.105105105   0.01634679949    1.078592174    -0.1166082097    -0.004735818277    0.3584336331
5.205205205   0.01584074937    1.079127681    -0.1148829381    -0.00463572668    0.3676815097
5.305305305   0.0153453483    1.079588194    -0.1131851595    -0.004534424184    0.3766952348
5.405405405   0.01486075355    1.079976254    -0.1115153248    -0.004432217723    0.38546886
5.505505506   0.01438708694    1.080294531    -0.1098737907    -0.004329395093    0.3939976605
5.605605606   0.01392443697    1.080545798    -0.1082608247    -0.00422622513    0.4022780675
5.705705706   0.01347286078    1.08073291    -0.1066766123    -0.004122957992    0.4103075984
5.805805806   0.01303238626    1.080858774    -0.1051212622    -0.004019825545    0.4180847847
5.905905906   0.01260301408    1.080926334    -0.1035948122    -0.003917041834    0.4256091
6.006006006   0.01218471968    1.080938546    -0.1020972355    -0.00381480362    0.4328808879
6.106106106   0.01177745526    1.080898363    -0.1006284454    -0.003713290979    0.4399012903
6.206206206   0.01138115169    1.080808718    -0.099188301    -0.003612667946    0.4466721771
6.306306306   0.01099572036    1.080672507    -0.09777661219    -0.003513083198    0.4531960784
6.406406406   0.01062105494    1.080492582    -0.09639314445    -0.003414670756    0.4594761176
6.506506507   0.01025703317    1.080271735    -0.09503762344    -0.003317550712    0.4655159483
6.606606607   0.00990351843    1.080012689    -0.09370973929    -0.003221829965    0.4713196928
6.706706707   0.009560361325    1.079718093    -0.0924091507    -0.003127602949    0.4768918849
6.806806807   0.009227401164    1.079390513    -0.09113548875    -0.003034952374    0.4822374144
6.906906907   0.008904467346    1.079032427    -0.08988836047    -0.002943949943    0.4873614759
7.007007007   0.008591380676    1.078646222    -0.08866735215    -0.002854657066    0.49226952
7.107107107   0.008287954587    1.078234188    -0.08747203249    -0.002767125553    0.4969672089
7.207207207   0.007993996293    1.077798521    -0.08630195537    -0.002681398285    0.5014603738
7.307307307   0.007709307848    1.077341317    -0.08515666254    -0.002597509866    0.5057549767
7.407407407   0.007433687142    1.076864572    -0.08403568602    -0.002515487249    0.5098570745
7.507507508   0.007166928809    1.076370187    -0.08293855033    -0.002435350335    0.5137727869
7.607607608   0.00690882507    1.075859962    -0.08186477449    -0.002357112546    0.5175082664
7.707707708   0.006659166509    1.075335603    -0.08081387387    -0.002280781373    0.5210696713
7.807807808   0.006417742771    1.07479872    -0.07978536186    -0.002206358888    0.5244631421
7.907907908   0.006184343214    1.07425083    -0.07877875137    -0.002133842237    0.5276947794
8.008008008   0.005958757486    1.073693363    -0.07779355619    -0.0020632241    0.5307706245
8.108108108   0.005740776057    1.073127658    -0.07682929217    -0.001994493123    0.5336966427
8.208208208   0.005530190692    1.072554973    -0.07588547835    -0.00192763433    0.5364787082
8.308308308   0.005326794878    1.071976482    -0.07496163785    -0.001862629499    0.5391225909
8.408408408   0.0051303842    1.071393282    -0.07405729878    -0.001799457517    0.5416339455
8.508508509   0.004940756682    1.070806395    -0.07317199491    -0.001738094715    0.5440183015
8.608608609   0.004757713078    1.070216771    -0.07230526637    -0.001678515173    0.5462810558
8.708708709   0.004581057137    1.069625292    -0.07145666016    -0.001620691006    0.5484274659
8.808808809   0.00441059582    1.069032775    -0.07062573066    -0.001564592626    0.5504626441
8.908908909   0.004246139502    1.068439975    -0.06981203999    -0.001510188989    0.5523915545
9.009009009   0.004087502126    1.067847587    -0.06901515837    -0.001457447815    0.5542190088
9.109109109   0.003934501349    1.067256253    -0.06823466437    -0.001406335797    0.5559496651
9.209209209   0.003786958649    1.06666656    -0.06747014515    -0.001356818791    0.5575880263
9.309309309   0.003644699418    1.066079046    -0.06672119658    -0.001308861984    0.5591384398
9.409409409   0.00350755303    1.065494205    -0.06598742342    -0.001262430057    0.5606050978
9.50950951   0.003375352894    1.064912484    -0.06526843936    -0.001217487325    0.5619920383
9.60960961   0.003247936486    1.06433429    -0.06456386706    -0.00117399787    0.5633031462
9.70970971   0.003125145375    1.06375999    -0.06387333818    -0.001131925657    0.5645421557
9.80980981   0.003006825219    1.063189918    -0.06319649337    -0.001091234641    0.5657126521
9.90990991   0.00289282577    1.062624371    -0.06253298219    -0.001051888864    0.5668180752
10.01001001   0.002783000847    1.062063617    -0.0618824631    -0.00101385254    0.5678617215
10.11011011   0.002677208315    1.061507892    -0.0612446033    -0.0009770901329    0.5688467479
10.21021021   0.002575310049    1.060957406    -0.06061907872    -0.0009415664228    0.5697761752
10.31031031   0.002477171888    1.060412344    -0.06000557384    -0.0009072465688    0.5706528914
10.41041041   0.002382663589    1.059872866    -0.05940378157    -0.0008740961612    0.5714796559
10.51051051   0.002291658768    1.059339112    -0.05881340313    -0.0008420812689    0.5722591029
10.61061061   0.002204034844    1.058811199    -0.05823414789    -0.0008111684794    0.5729937455
10.71071071   0.00211967297    1.058289226    -0.05766573322    -0.0007813249342    0.57368598
10.81081081   0.002038457966    1.057773278    -0.05710788432    -0.0007525183591    0.5743380894
10.91091091   0.001960278249    1.057263418    -0.05656033406    -0.0007247170887    0.5749522477
11.01101101   0.001885025757    1.0567597    -0.0560228228    -0.0006978900882    0.5755305239
11.11111111   0.001812595874    1.056262161    -0.05549509825    -0.0006720069701    0.5760748857
11.21121121   0.001742887352    1.055770826    -0.05497691523    -0.0006470380081    0.576587204
11.31131131   0.001675802232    1.05528571    -0.05446803556    -0.0006229541471    0.577069256
11.41141141   0.001611245766    1.054806816    -0.05396822786    -0.0005997270111    0.5775227296
11.51151151   0.001549126334    1.054334138    -0.05347726735    -0.0005773289081    0.577949227
11.61161161   0.001489355368    1.053867663    -0.05299493573    -0.0005557328324    0.578350268
11.71171171   0.001431847266    1.053407368    -0.05252102094    -0.0005349124649    0.5787272939
11.81181181   0.001376519317    1.052953223    -0.05205531704    -0.0005148421722    0.579081671
11.91191191   0.00132329162    1.052505193    -0.05159762401    -0.0004954970029    0.5794146937
12.01201201   0.001272087002    1.052063236    -0.0511477476    -0.000476852683    0.5797275879
12.11211211   0.001222830945    1.051627305    -0.05070549916    -0.00045888561    0.5800215142
12.21221221   0.001175451504    1.051197349    -0.05027069546    -0.0004415728457    0.5802975709
12.31231231   0.001129879237    1.050773312    -0.04984315857    -0.0004248921078    0.5805567969
12.41241241   0.001086047123    1.050355136    -0.04942271566    -0.0004088217608    0.5808001748
12.51251251   0.001043890492    1.049942757    -0.04900919888    -0.0003933408064    0.5810286331
12.61261261   0.001003346954    1.049536111    -0.04860244521    -0.0003784288721    0.5812430495
12.71271271   0.0009643563253    1.049135129    -0.04820229628    -0.000364066201    0.5814442529
12.81281281   0.0009268605607    1.048739743    -0.04780859827    -0.0003502336394    0.5816330262
12.91291291   0.0008908036848    1.048349879    -0.04742120174    -0.000336912625    0.5818101086
13.01301301   0.0008561317256    1.047965466    -0.04703996152    -0.0003240851746    0.5819761973
13.11311311   0.0008227926501    1.047586428    -0.04666473657    -0.0003117338711    0.5821319505
13.21321321   0.0007907363003    1.047212691    -0.04629538983    -0.0002998418513    0.5822779888
13.31331331   0.0007599143318    1.046844178    -0.04593178814    -0.0002883927923    0.5824148975
13.41341341   0.0007302801534    1.046480812    -0.04557380208    -0.0002773708987    0.5825432281
13.51351351   0.0007017888686    1.046122516    -0.04522130587    -0.0002667608894    0.5826635006
13.61361361   0.0006743972188    1.045769214    -0.04487417726    -0.0002565479846    0.5827762047
13.71371371   0.0006480635271    1.045420827    -0.04453229741    -0.0002467178928    0.5828818018
13.81381381   0.0006227476452    1.045077278    -0.04419555079    -0.0002372567974    0.5829807264
13.91391391   0.0005984109005    1.04473849    -0.04386382507    -0.0002281513443    0.5830733875
14.01401401   0.0005750160452    1.044404386    -0.04353701102    -0.0002193886284    0.5831601699
14.11411411   0.0005525272073    1.04407489    -0.04321500243    -0.0002109561818    0.583241436
14.21421421   0.0005309098424    1.043749926    -0.042897696    -0.0002028419607    0.5833175266
14.31431431   0.0005101306874    1.043429419    -0.04258499122    -0.0001950343331    0.5833887621
14.41441441   0.0004901577154    1.043113293    -0.04227679036    -0.0001875220669    0.583455444
14.51451451   0.0004709600919    1.042801476    -0.0419729983    -0.0001802943179    0.5835178556
14.61461461   0.000452508133    1.042493893    -0.0416735225    -0.000173340618    0.5835762635
14.71471471   0.000434773264    1.042190473    -0.0413782729    -0.0001666508638    0.5836309177
14.81481481   0.0004177279802    1.041891144    -0.04108716186    -0.0001602153053    0.5836820537
14.91491491   0.0004013458081    1.041595835    -0.04080010405    -0.0001540245347    0.5837298923
15.01501502   0.0003856012688    1.041304478    -0.04051701641    -0.0001480694761    0.5837746411
15.11511512   0.0003704698418    1.041017003    -0.04023781807    -0.0001423413745    0.5838164948
15.21521522   0.0003559279306    1.040733343    -0.03996243029    -0.0001368317857    0.5838556366
15.31531532   0.0003419528288    1.040453431    -0.03969077637    -0.0001315325663    0.5838922381
15.41541542   0.0003285226881    1.040177202    -0.03942278161    -0.0001264358637    0.5839264606
15.51551552   0.0003156164868    1.039904592    -0.03915837325    -0.0001215341068    0.5839584552
15.61561562   0.0003032139994    1.039635537    -0.03889748039    -0.0001168199969    0.583988364
15.71571572   0.0002912957678    1.039369974    -0.03864003396    -0.000112286498    0.58401632
15.81581582   0.0002798430728    1.039107843    -0.03838596663    -0.0001079268286    0.5840424481
15.91591592   0.000268837907    1.038849083    -0.0381352128    -0.000103734453    0.5840668653
16.01601602   0.0002582629482    1.038593635    -0.03788770852    -9.970307278e-05    0.5840896816
16.11611612   0.0002481015347    1.038341441    -0.03764339143    -9.582661907e-05    0.5841109997
16.21621622   0.0002383376401    1.038092444    -0.03740220075    -9.209924446e-05    0.5841309162
16.31631632   0.0002289558501    1.037846589    -0.0371640772    -8.85153155e-05    0.5841495214
16.41641642   0.0002199413396    1.037603819    -0.03692896295    -8.506940528e-05    0.5841669001
16.51651652   0.0002112798509    1.037364082    -0.03669680162    -8.175628633e-05    0.5841831317
16.61661662   0.0002029576722    1.037127325    -0.03646753821    -7.857092362e-05    0.5841982904
16.71671672   0.0001949616172    1.036893495    -0.03624111902    -7.550846788e-05    0.5842124461
16.81681682   0.0001872790058    1.036662542    -0.03601749171    -7.256424908e-05    0.5842256638
16.91691692   0.0001798976446    1.036434416    -0.03579660514    -6.97337701e-05    0.5842380046
17.01701702   0.0001728058089    1.036209068    -0.03557840945    -6.701270064e-05    0.5842495258
17.11711712   0.0001659922251    1.03598645    -0.03536285594    -6.439687131e-05    0.5842602809
17.21721722   0.0001594460532    1.035766515    -0.03514989706    -6.188226791e-05    0.58427032
17.31731732   0.0001531568711    1.035549218    -0.03493948641    -5.946502587e-05    0.5842796899
17.41741742   0.0001471146584    1.035334513    -0.03473157865    -5.714142491e-05    0.5842884347
17.51751752   0.0001413097812    1.035122356    -0.03452612952    -5.490788389e-05    0.5842965952
17.61761762   0.0001357329776    1.034912704    -0.03432309578    -5.276095574e-05    0.5843042101
17.71771772   0.0001303753435    1.034705514    -0.03412243519    -5.069732268e-05    0.5843113151
17.81781782   0.0001252283189    1.034500745    -0.03392410648    -4.871379151e-05    0.584317944
17.91791792   0.000120283675    1.034298355    -0.03372806933    -4.68072891e-05    0.5843241281
18.01801802   0.0001155335015    1.034098306    -0.03353428433    -4.497485802e-05    0.5843298969
18.11811812   0.0001109701945    1.033900557    -0.03334271298    -4.321365234e-05    0.5843352779
18.21821822   0.0001065864447    1.033705072    -0.03315331761    -4.152093354e-05    0.5843402968
18.31831832   0.0001023752263    1.033511811    -0.03296606144    -3.989406656e-05    0.5843449775
18.41841842   9.832978594e-05    1.033320739    -0.03278090849    -3.833051604e-05    0.5843493427
18.51851852   9.444363253e-05    1.033131819    -0.03259782355    -3.682784265e-05    0.5843534132
18.61861862   9.071052704e-05    1.032945016    -0.03241677224    -3.538369953e-05    0.5843572087
18.71871872   8.712447287e-05    1.032760295    -0.0322377209    -3.399582889e-05    0.5843607475
18.81881882   8.367970659e-05    1.032577624    -0.03206063661    -3.266205872e-05    0.5843640468
18.91891892   8.037068892e-05    1.032396967    -0.03188548717    -3.13802996e-05    0.5843671225
19.01901902   7.719209616e-05    1.032218294    -0.03171224108    -3.014854166e-05    0.5843699897
19.11911912   7.413881187e-05    1.032041571    -0.0315408675    -2.89648516e-05    0.5843726623
19.21921922   7.120591892e-05    1.031866768    -0.03137133627    -2.782736985e-05    0.5843751533
19.31931932   6.838869179e-05    1.031693855    -0.03120361787    -2.673430781e-05    0.5843774749
19.41941942   6.56825892e-05    1.0315228    -0.03103768339    -2.568394522e-05    0.5843796386
19.51951952   6.308324698e-05    1.031353576    -0.03087350455    -2.467462759e-05    0.5843816548
19.61961962   6.058647124e-05    1.031186153    -0.03071105364    -2.370476375e-05    0.5843835336
19.71971972   5.818823181e-05    1.031020502    -0.03055030355    -2.277282344e-05    0.5843852843
19.81981982   5.58846559e-05    1.030856597    -0.03039122771    -2.187733508e-05    0.5843869154
19.91991992   5.3672022e-05    1.03069441    -0.03023380013    -2.10168835e-05    0.584388435
20.02002002   5.154675404e-05    1.030533914    -0.03007799532    -2.019010788e-05    0.5843898507
20.12012012   4.950541576e-05    1.030375084    -0.02992378834    -1.939569966e-05    0.5843911695
20.22022022   4.754470527e-05    1.030217894    -0.02977115474    -1.863240056e-05    0.5843923979
20.32032032   4.566144987e-05    1.030062319    -0.02962007057    -1.789900072e-05    0.5843935422
20.42042042   4.385260103e-05    1.029908335    -0.02947051237    -1.719433684e-05    0.5843946079
20.52052052   4.211522954e-05    1.029755917    -0.02932245713    -1.651729042e-05    0.5843956004
20.62062062   4.044652094e-05    1.029605042    -0.02917588233    -1.586678607e-05    0.5843965248
20.72072072   3.884377099e-05    1.029455686    -0.02903076587    -1.524178987e-05    0.5843973856
20.82082082   3.730438143e-05    1.029307828    -0.0288870861    -1.46413078e-05    0.5843981871
20.92092092   3.582585585e-05    1.029161444    -0.0287448218    -1.406438419e-05    0.5843989335
21.02102102   3.440579572e-05    1.029016513    -0.02860395215    -1.351010033e-05    0.5843996284
21.12112112   3.304189659e-05    1.028873014    -0.02846445674    -1.297757299e-05    0.5844002754
21.22122122   3.173194442e-05    1.028730926    -0.02832631557    -1.246595312e-05    0.5844008778
21.32132132   3.047381205e-05    1.028590228    -0.02818950902    -1.197442449e-05    0.5844014385
21.42142142   2.926545582e-05    1.028450899    -0.02805401783    -1.150220251e-05    0.5844019605
21.52152152   2.810491232e-05    1.028312921    -0.02791982313    -1.104853296e-05    0.5844024464
21.62162162   2.699029527e-05    1.028176273    -0.0277869064    -1.061269084e-05    0.5844028987
21.72172172   2.591979246e-05    1.028040937    -0.02765524947    -1.019397928e-05    0.5844033197
21.82182182   2.489166291e-05    1.027906894    -0.02752483452    -9.791728431e-06    0.5844037115
21.92192192   2.390423407e-05    1.027774125    -0.02739564404    -9.405294447e-06    0.5844040761
22.02202202   2.295589916e-05    1.027642613    -0.02726766088    -9.034058475e-06    0.5844044154
22.12212212   2.204511455e-05    1.027512339    -0.0271408682    -8.677425703e-06    0.5844047312
22.22222222   2.117039737e-05    1.027383287    -0.02701524945    -8.334824435e-06    0.5844050251
22.32232232   2.033032304e-05    1.02725544    -0.0268907884    -8.0057052e-06    0.5844052985
22.42242242   1.952352309e-05    1.02712878    -0.02676746914    -7.689539901e-06    0.5844055529
22.52252252   1.874868287e-05    1.027003291    -0.02664527601    -7.385820986e-06    0.5844057896
22.62262262   1.800453952e-05    1.026878957    -0.02652419365    -7.094060662e-06    0.5844060098
22.72272272   1.728987989e-05    1.026755763    -0.026404207    -6.813790132e-06    0.5844062146
22.82282282   1.660353859e-05    1.026633692    -0.02628530124    -6.54455886e-06    0.5844064052
22.92292292   1.594439619e-05    1.02651273    -0.02616746183    -6.285933868e-06    0.5844065825
23.02302302   1.531137731e-05    1.026392861    -0.02605067449    -6.037499057e-06    0.5844067474
23.12312312   1.470344899e-05    1.026274071    -0.02593492519    -5.798854558e-06    0.5844069008
23.22322322   1.411961896e-05    1.026156345    -0.02582020015    -5.569616099e-06    0.5844070435
23.32332332   1.355893408e-05    1.026039669    -0.02570648583    -5.349414407e-06    0.5844071762
23.42342342   1.302047879e-05    1.025924029    -0.02559376894    -5.137894624e-06    0.5844072996
23.52352352   1.250337365e-05    1.025809412    -0.02548203641    -4.934715751e-06    0.5844074143
23.62362362   1.200677387e-05    1.025695804    -0.02537127538    -4.73955011e-06    0.5844075211
23.72372372   1.152986804e-05    1.025583191    -0.02526147326    -4.552082828e-06    0.5844076203
23.82382382   1.107187673e-05    1.025471561    -0.02515261764    -4.372011341e-06    0.5844077126
23.92392392   1.063205128e-05    1.0253609    -0.02504469632    -4.199044913e-06    0.5844077985
24.02402402   1.020967259e-05    1.025251197    -0.02493769734    -4.032904184e-06    0.5844078783
24.12412412   9.804049932e-06    1.025142439    -0.02483160892    -3.873320722e-06    0.5844079525
24.22422422   9.414519866e-06    1.025034614    -0.02472641947    -3.720036599e-06    0.5844080214
24.32432432   9.040445143e-06    1.024927709    -0.02462211763    -3.572803987e-06    0.5844080856
24.42442442   8.681213684e-06    1.024821714    -0.02451869219    -3.431384761e-06    0.5844081452
24.52452452   8.336237588e-06    1.024716616    -0.02441613217    -3.295550124e-06    0.5844082006
24.62462462   8.004952182e-06    1.024612404    -0.02431442673    -3.165080242e-06    0.5844082521
24.72472472   7.686815105e-06    1.024509068    -0.02421356525    -3.039763899e-06    0.5844083
24.82482482   7.381305428e-06    1.024406595    -0.02411353726    -2.919398155e-06    0.5844083446
24.92492492   7.087922815e-06    1.024304976    -0.02401433247    -2.80378803e-06    0.5844083859
25.02502503   6.806186704e-06    1.0242042    -0.02391594075    -2.69274619e-06    0.5844084244
25.12512513   6.535635537e-06    1.024104255    -0.02381835216    -2.586092651e-06    0.5844084602
25.22522523   6.275826002e-06    1.024005133    -0.02372155689    -2.48365449e-06    0.5844084934
25.32532533   6.02633232e-06    1.023906823    -0.02362554531    -2.385265572e-06    0.5844085243
25.42542543   5.786745554e-06    1.023809315    -0.02353030794    -2.290766282e-06    0.584408553
25.52552553   5.556672939e-06    1.023712598    -0.02343583545    -2.200003276e-06    0.5844085796
25.62562563   5.335737251e-06    1.023616665    -0.02334211866    -2.112829228e-06    0.5844086044
25.72572573   5.12357619e-06    1.023521505    -0.02324914854    -2.029102604e-06    0.5844086274
25.82582583   4.919841793e-06    1.023427108    -0.02315691619    -1.948687428e-06    0.5844086488
25.92592593   4.724199866e-06    1.023333466    -0.02306541288    -1.871453069e-06    0.5844086687
26.02602603   4.536329446e-06    1.02324057    -0.02297462999    -1.797274031e-06    0.5844086872
26.12612613   4.35592227e-06    1.023148411    -0.02288455904    -1.726029751e-06    0.5844087043
26.22622623   4.182682284e-06    1.023056979    -0.02279519169    -1.657604408e-06    0.5844087203
26.32632633   4.016325151e-06    1.022966268    -0.02270651973    -1.591886736e-06    0.5844087351
26.42642643   3.856577796e-06    1.022876267    -0.02261853507    -1.528769846e-06    0.5844087489
26.52652653   3.703177956e-06    1.022786969    -0.02253122975    -1.468151055e-06    0.5844087617
26.62662663   3.555873759e-06    1.022698365    -0.02244459592    -1.409931722e-06    0.5844087735
26.72672673   3.414423304e-06    1.022610448    -0.02235862588    -1.354017086e-06    0.5844087846
26.82682683   3.278594278e-06    1.022523209    -0.02227331202    -1.300316118e-06    0.5844087948
26.92692693   3.148163568e-06    1.022436641    -0.02218864685    -1.248741375e-06    0.5844088043
27.02702703   3.022916903e-06    1.022350736    -0.02210462301    -1.199208855e-06    0.5844088132
27.12712713   2.902648502e-06    1.022265486    -0.02202123323    -1.151637866e-06    0.5844088214
27.22722723   2.78716074e-06    1.022180884    -0.02193847036    -1.105950894e-06    0.584408829
27.32732733   2.676263822e-06    1.022096923    -0.02185632736    -1.062073482e-06    0.5844088361
27.42742743   2.569775478e-06    1.022013595    -0.02177479729    -1.019934103e-06    0.5844088427
27.52752753   2.467520664e-06    1.021930893    -0.02169387331    -9.794640519e-07    0.5844088488
27.62762763   2.369331272e-06    1.021848811    -0.02161354869    -9.405973319e-07    0.5844088545
27.72772773   2.275045864e-06    1.02176734    -0.02153381679    -9.032705476e-07    0.5844088597
27.82782783   2.184509398e-06    1.021686475    -0.02145467108    -8.674228036e-07    0.5844088646
27.92792793   2.097572984e-06    1.021606209    -0.02137610511    -8.329956062e-07    0.5844088692
28.02802803   2.014093634e-06    1.021526534    -0.02129811254    -7.99932769e-07    0.5844088734
28.12812813   1.933934034e-06    1.021447445    -0.02122068711    -7.681803222e-07    0.5844088773
28.22822823   1.856962314e-06    1.021368935    -0.02114382265    -7.376864252e-07    0.584408881
28.32832833   1.783051835e-06    1.021290998    -0.0210675131    -7.084012834e-07    0.5844088843
28.42842843   1.712080984e-06    1.021213628    -0.02099175246    -6.802770673e-07    0.5844088875
28.52852853   1.64393297e-06    1.021136817    -0.02091653483    -6.532678352e-07    0.5844088904
28.62862863   1.578495639e-06    1.021060561    -0.02084185439    -6.273294592e-07    0.5844088931
28.72872873   1.515661285e-06    1.020984854    -0.02076770541    -6.024195538e-07    0.5844088956
28.82882883   1.455326476e-06    1.020909688    -0.02069408223    -5.784974069e-07    0.5844088979
28.92892893   1.397391888e-06    1.02083506    -0.02062097929    -5.555239146e-07    0.5844089001
29.02902903   1.341762135e-06    1.020760962    -0.02054839107    -5.33461517e-07    0.5844089021
29.12912913   1.288345619e-06    1.020687389    -0.02047631218    -5.122741385e-07    0.584408904
29.22922923   1.237054378e-06    1.020614336    -0.02040473725    -4.919271283e-07    0.5844089057
29.32932933   1.187803942e-06    1.020541798    -0.02033366104    -4.723872048e-07    0.5844089073
29.42942943   1.140513195e-06    1.020469768    -0.02026307833    -4.536224017e-07    0.5844089088
29.52952953   1.095104239e-06    1.020398241    -0.02019298401    -4.35602016e-07    0.5844089102
29.62962963   1.051502273e-06    1.020327213    -0.02012337303    -4.182965581e-07    0.5844089115
29.72972973   1.009635463e-06    1.020256677    -0.0200542404    -4.016777043e-07    0.5844089127
29.82982983   9.694348285e-07    1.02018663    -0.01998558121    -3.857182505e-07    0.5844089138
29.92992993   9.308341298e-07    1.020117065    -0.01991739061    -3.703920684e-07    0.5844089148
30.03003003   8.937697567e-07    1.020047978    -0.01984966382    -3.556740625e-07    0.5844089157
30.13013013   8.581806262e-07    1.019979364    -0.01978239612    -3.415401301e-07    0.5844089166
30.23023023   8.240080813e-07    1.019911218    -0.01971558286    -3.279671216e-07    0.5844089174
30.33033033   7.911957954e-07    1.019843536    -0.01964921946    -3.149328031e-07    0.5844089182
30.43043043   7.596896797e-07    1.019776312    -0.01958330137    -3.024158202e-07    0.5844089189
30.53053053   7.294377941e-07    1.019709542    -0.01951782414    -2.903956633e-07    0.5844089196
30.63063063   7.003902624e-07    1.019643221    -0.01945278336    -2.788526343e-07    0.5844089202
30.73073073   6.724991903e-07    1.019577346    -0.01938817467    -2.677678147e-07    0.5844089207
30.83083083   6.457185867e-07    1.01951191    -0.01932399378    -2.571230342e-07    0.5844089213
30.93093093   6.20004288e-07    1.019446911    -0.01926023646    -2.469008421e-07    0.5844089218
31.03103103   5.953138862e-07    1.019382344    -0.01919689853    -2.37084478e-07    0.5844089222
31.13113113   5.716066586e-07    1.019318203    -0.01913397586    -2.276578453e-07    0.5844089226
31.23123123   5.488435011e-07    1.019254486    -0.01907146438    -2.186054841e-07    0.584408923
31.33133133   5.269868643e-07    1.019191188    -0.01900936008    -2.099125471e-07    0.5844089234
31.43143143   5.060006913e-07    1.019128305    -0.01894765899    -2.015647743e-07    0.5844089237
31.53153153   4.858503588e-07    1.019065832    -0.01888635719    -1.935484706e-07    0.584408924
31.63163163   4.6650262e-07    1.019003767    -0.01882545082    -1.858504833e-07    0.5844089243
31.73173173   4.479255502e-07    1.018942104    -0.01876493606    -1.784581803e-07    0.5844089246
31.83183183   4.30088494e-07    1.01888084    -0.01870480916    -1.713594298e-07    0.5844089248
31.93193193   4.129620153e-07    1.018819971    -0.01864506638    -1.645425806e-07    0.5844089251
32.03203203   3.965178485e-07    1.018759493    -0.01858570407    -1.579964429e-07    0.5844089253
32.13213213   3.807288523e-07    1.018699403    -0.01852671861    -1.517102701e-07    0.5844089255
32.23223223   3.655689649e-07    1.018639696    -0.0184681064    -1.456737415e-07    0.5844089256
32.33233233   3.510131613e-07    1.01858037    -0.01840986392    -1.398769449e-07    0.5844089258
32.43243243   3.370374119e-07    1.01852142    -0.01835198769    -1.343103611e-07    0.584408926
32.53253253   3.236186433e-07    1.018462843    -0.01829447425    -1.289648478e-07    0.5844089261
32.63263263   3.107347001e-07    1.018404636    -0.01823732021    -1.23831625e-07    0.5844089263
32.73273273   2.983643084e-07    1.018346794    -0.01818052221    -1.189022607e-07    0.5844089264
32.83283283   2.864870411e-07    1.018289315    -0.01812407693    -1.141686568e-07    0.5844089265
32.93293293   2.750832838e-07    1.018232195    -0.0180679811    -1.096230362e-07    0.5844089266
33.03303303   2.641342031e-07    1.01817543    -0.01801223148    -1.052579299e-07    0.5844089267
33.13313313   2.53621715e-07    1.018119018    -0.01795682487    -1.010661649e-07    0.5844089268
33.23323323   2.435284557e-07    1.018062955    -0.01790175812    -9.704085238e-08    0.5844089269
33.33333333   2.338377525e-07    1.018007238    -0.01784702811    -9.317537659e-08    0.584408927
33.43343343   2.245335967e-07    1.017951864    -0.01779263177    -8.946338388e-08    0.584408927
33.53353353   2.156006171e-07    1.017896829    -0.01773856604    -8.589877239e-08    0.5844089271
33.63363363   2.070240547e-07    1.01784213    -0.01768482792    -8.247568208e-08    0.5844089272
33.73373373   1.987897384e-07    1.017787765    -0.01763141445    -7.918848509e-08    0.5844089272
33.83383383   1.908840615e-07    1.017733731    -0.01757832269    -7.603177659e-08    0.5844089273
33.93393393   1.832939598e-07    1.017680023    -0.01752554975    -7.300036589e-08    0.5844089273
34.03403403   1.760068894e-07    1.01762664    -0.01747309275    -7.008926798e-08    0.5844089274
34.13413413   1.690108064e-07    1.017573579    -0.01742094887    -6.729369539e-08    0.5844089274
34.23423423   1.62294147e-07    1.017520836    -0.01736911532    -6.460905028e-08    0.5844089275
34.33433433   1.558458084e-07    1.017468408    -0.01731758933    -6.203091699e-08    0.5844089275
34.43443443   1.496551307e-07    1.017416294    -0.01726636817    -5.955505478e-08    0.5844089275
34.53453453   1.43711879e-07    1.017364489    -0.01721544915    -5.717739088e-08    0.5844089276
34.63463463   1.380062268e-07    1.017312992    -0.0171648296    -5.489401384e-08    0.5844089276
34.73473473   1.325287395e-07    1.017261799    -0.01711450688    -5.270116709e-08    0.5844089276
34.83483483   1.272703592e-07    1.017210908    -0.01706447839    -5.059524283e-08    0.5844089277
34.93493493   1.222223897e-07    1.017160317    -0.01701474157    -4.857277609e-08    0.5844089277
35.03503504   1.173764817e-07    1.017110022    -0.01696529385    -4.663043909e-08    0.5844089277
35.13513514   1.127246197e-07    1.017060021    -0.01691613274    -4.476503571e-08    0.5844089277
35.23523524   1.082591084e-07    1.017010311    -0.01686725575    -4.297349635e-08    0.5844089278
35.33533534   1.039725599e-07    1.01696089    -0.01681866042    -4.125287283e-08    0.5844089278
35.43543544   9.985788194e-08    1.016911756    -0.01677034431    -3.960033358e-08    0.5844089278
35.53553554   9.590826567e-08    1.016862905    -0.01672230505    -3.801315902e-08    0.5844089278
35.63563564   9.211717484e-08    1.016814336    -0.01667454024    -3.648873705e-08    0.5844089278
35.73573574   8.847833478e-08    1.016766046    -0.01662704754    -3.502455883e-08    0.5844089278
35.83583584   8.498572217e-08    1.016718033    -0.01657982464    -3.361821461e-08    0.5844089278
35.93593594   8.163355497e-08    1.016670293    -0.01653286925    -3.226738982e-08    0.5844089279
36.03603604   7.841628299e-08    1.016622826    -0.01648617908    -3.096986126e-08    0.5844089279
36.13613614   7.532857867e-08    1.016575628    -0.01643975192    -2.972349344e-08    0.5844089279
36.23623624   7.236532825e-08    1.016528698    -0.01639358553    -2.852623512e-08    0.5844089279
36.33633634   6.952162342e-08    1.016482032    -0.01634767773    -2.737611587e-08    0.5844089279
36.43643644   6.679275311e-08    1.016435629    -0.01630202635    -2.627124294e-08    0.5844089279
36.53653654   6.417419577e-08    1.016389487    -0.01625662925    -2.520979805e-08    0.5844089279
36.63663664   6.166161187e-08    1.016343603    -0.01621148431    -2.419003449e-08    0.5844089279
36.73673674   5.925083674e-08    1.016297976    -0.01616658943    -2.321027421e-08    0.5844089279
36.83683684   5.69378737e-08    1.016252602    -0.01612194254    -2.226890509e-08    0.5844089279
36.93693694   5.471888741e-08    1.016207481    -0.0160775416    -2.136437827e-08    0.5844089279
37.03703704   5.259019757e-08    1.016162609    -0.01603338457    -2.049520564e-08    0.5844089279
37.13713714   5.054827283e-08    1.016117985    -0.01598946945    -1.965995737e-08    0.5844089279
37.23723724   4.858972491e-08    1.016073607    -0.01594579426    -1.885725958e-08    0.5844089279
37.33733734   4.671130304e-08    1.016029472    -0.01590235704    -1.808579209e-08    0.5844089279
37.43743744   4.490988856e-08    1.01598558    -0.01585915585    -1.734428625e-08    0.584408928
37.53753754   4.318248976e-08    1.015941927    -0.01581618876    -1.663152285e-08    0.584408928
37.63763764   4.152623693e-08    1.015898511    -0.01577345389    -1.594633013e-08    0.584408928
37.73773774   3.993837761e-08    1.015855332    -0.01573094935    -1.528758185e-08    0.584408928
37.83783784   3.841627201e-08    1.015812387    -0.01568867329    -1.465419545e-08    0.584408928
37.93793794   3.695738867e-08    1.015769673    -0.01564662386    -1.404513029e-08    0.584408928
38.03803804   3.555930024e-08    1.01572719    -0.01560479926    -1.34593859e-08    0.584408928
38.13813814   3.421967948e-08    1.015684935    -0.01556319767    -1.289600039e-08    0.584408928
38.23823824   3.293629535e-08    1.015642906    -0.01552181733    -1.235404883e-08    0.584408928
38.33833834   3.170700939e-08    1.015601103    -0.01548065648    -1.183264176e-08    0.584408928
38.43843844   3.052977207e-08    1.015559522    -0.01543971336    -1.133092374e-08    0.584408928
38.53853854   2.940261949e-08    1.015518162    -0.01539898627    -1.08480719e-08    0.584408928
38.63863864   2.825033262e-08    1.015477021    -0.01535847348    -1.128182687e-08    0.584408928
38.73873874   2.714338598e-08    1.015436098    -0.01531817332    -1.083795028e-08    0.584408928
38.83883884   2.607998751e-08    1.015395391    -0.01527808412    -1.041161597e-08    0.584408928
38.93893894   2.505841633e-08    1.015354898    -0.01523820422    -1.000212717e-08    0.584408928
39.03903904   2.407701991e-08    1.015314617    -0.01519853199    -9.608814978e-09    0.584408928
39.13913914   2.313421134e-08    1.015274547    -0.01515906581    -9.231037172e-09    0.584408928
39.23923924   2.222846669e-08    1.015234687    -0.01511980408    -8.868177183e-09    0.584408928
39.33933934   2.135832252e-08    1.015195033    -0.01508074521    -8.519643046e-09    0.584408928
39.43943944   2.052237343e-08    1.015155586    -0.01504188764    -8.184866414e-09    0.584408928
39.53953954   1.971926981e-08    1.015116343    -0.01500322981    -7.863301611e-09    0.584408928
39.63963964   1.894771555e-08    1.015077303    -0.01496477019    -7.554424724e-09    0.584408928
39.73973974   1.820646592e-08    1.015038464    -0.01492650726    -7.257732726e-09    0.584408928
39.83983984   1.749432557e-08    1.014999824    -0.01488843951    -6.972742641e-09    0.584408928
39.93993994   1.681014649e-08    1.014961383    -0.01485056545    -6.698990738e-09    0.584408928
40.04004004   1.615282618e-08    1.014923138    -0.01481288361    -6.436031761e-09    0.584408928
40.14014014   1.55213058e-08    1.014885088    -0.01477539252    -6.18343819e-09    0.584408928
40.24024024   1.491456847e-08    1.014847232    -0.01473809075    -5.940799527e-09    0.584408928
40.34034034   1.433163755e-08    1.014809568    -0.01470097687    -5.707721614e-09    0.584408928
40.44044044   1.377157509e-08    1.014772094    -0.01466404944    -5.483825985e-09    0.584408928
40.54054054   1.323348025e-08    1.01473481    -0.01462730709    -5.268749229e-09    0.584408928
40.64064064   1.271648784e-08    1.014697713    -0.01459074841    -5.062142395e-09    0.584408928
40.74074074   1.221976691e-08    1.014660803    -0.01455437203    -4.863670407e-09    0.584408928
40.84084084   1.174251937e-08    1.014624077    -0.01451817659    -4.673011516e-09    0.584408928
40.94094094   1.12839787e-08    1.014587535    -0.01448216075    -4.48985676e-09    0.584408928
41.04104104   1.084340867e-08    1.014551176    -0.01444632318    -4.313909458e-09    0.584408928
41.14114114   1.042010219e-08    1.014514997    -0.01441066254    -4.144884717e-09    0.584408928
41.24124124   1.001338008e-08    1.014478997    -0.01437517754    -3.98250896e-09    0.584408928
41.34134134   9.622590022e-09    1.014443176    -0.01433986688    -3.826519478e-09    0.584408928
41.44144144   9.247105456e-09    1.014407532    -0.01430472927    -3.67666399e-09    0.584408928
41.54154154   8.886324578e-09    1.014372063    -0.01426976346    -3.532700232e-09    0.584408928
41.64164164   8.539669348e-09    1.014336768    -0.01423496818    -3.394395555e-09    0.584408928
41.74174174   8.206584548e-09    1.014301646    -0.01420034219    -3.26152654e-09    0.584408928
41.84184184   7.88653688e-09    1.014266696    -0.01416588425    -3.133878632e-09    0.584408928
41.94194194   7.579014092e-09    1.014231916    -0.01413159314    -3.011245785e-09    0.584408928
42.04204204   7.283524146e-09    1.014197306    -0.01409746767    -2.893430125e-09    0.584408928
42.14214214   6.999594417e-09    1.014162863    -0.01406350662    -2.780241621e-09    0.584408928
42.24224224   6.726770921e-09    1.014128587    -0.01402970881    -2.671497774e-09    0.584408928
42.34234234   6.46461758e-09    1.014094477    -0.01399607307    -2.567023317e-09    0.584408928
42.44244244   6.212715508e-09    1.014060531    -0.01396259824    -2.466649927e-09    0.584408928
42.54254254   5.970662333e-09    1.014026748    -0.01392928316    -2.370215947e-09    0.584408928
42.64264264   5.738071543e-09    1.013993127    -0.0138961267    -2.277566124e-09    0.584408928
42.74274274   5.514571856e-09    1.013959666    -0.01386312772    -2.188551351e-09    0.584408928
42.84284284   5.299806619e-09    1.013926366    -0.0138302851    -2.103028421e-09    0.584408928
42.94294294   5.093433229e-09    1.013893224    -0.01379759773    -2.020859798e-09    0.584408928
43.04304304   4.895122574e-09    1.013860239    -0.01376506452    -1.941913386e-09    0.584408928
43.14314314   4.704558504e-09    1.013827411    -0.01373268438    -1.866062315e-09    0.584408928
43.24324324   4.521437315e-09    1.013794738    -0.01370045623    -1.793184732e-09    0.584408928
43.34334334   4.345467257e-09    1.013762218    -0.01366837901    -1.723163605e-09    0.584408928
43.44344344   4.176368062e-09    1.013729852    -0.01363645164    -1.655886525e-09    0.584408928
43.54354354   4.01387049e-09    1.013697638    -0.0136046731    -1.591245529e-09    0.584408928
43.64364364   3.857715895e-09    1.013665574    -0.01357304233    -1.52913692e-09    0.584408928
43.74374374   3.707655803e-09    1.01363366    -0.01354155832    -1.469461098e-09    0.584408928
43.84384384   3.563451511e-09    1.013601895    -0.01351022003    -1.412122396e-09    0.584408928
43.94394394   3.424873705e-09    1.013570278    -0.01347902647    -1.357028928e-09    0.584408928
44.04404404   3.291702081e-09    1.013538807    -0.01344797663    -1.304092435e-09    0.584408928
44.14414414   3.163724999e-09    1.013507482    -0.01341706952    -1.25322814e-09    0.584408928
44.24424424   3.040739135e-09    1.013476302    -0.01338630416    -1.204354617e-09    0.584408928
44.34434434   2.922549152e-09    1.013445265    -0.01335567957    -1.15739365e-09    0.584408928
44.44444444   2.808967389e-09    1.013414371    -0.01332519479    -1.11227011e-09    0.584408928
44.54454454   2.699813555e-09    1.013383618    -0.01329484888    -1.068911831e-09    0.584408928
44.64464464   2.594914441e-09    1.013353006    -0.01326464087    -1.027249494e-09    0.584408928
44.74474474   2.494103637e-09    1.013322534    -0.01323456983    -9.872165147e-10    0.584408928
44.84484484   2.397221268e-09    1.013292201    -0.01320463483    -9.48748931e-10    0.584408928
44.94494494   2.304113732e-09    1.013262005    -0.01317483496    -9.117853042e-10    0.584408928
45.04504505   2.214633457e-09    1.013231947    -0.01314516929    -8.762666162e-10    0.584408928
45.14514515   2.128638661e-09    1.013202024    -0.01311563693    -8.421361745e-10    0.584408928
45.24524525   2.045993125e-09    1.013172237    -0.01308623698    -8.093395201e-10    0.584408928
45.34534535   1.966565971e-09    1.013142583    -0.01305696854    -7.778243389e-10    0.584408928
45.44544545   1.890231457e-09    1.013113063    -0.01302783074    -7.475403771e-10    0.584408928
45.54554555   1.816868769e-09    1.013083675    -0.0129988227    -7.184393596e-10    0.584408928
45.64564565   1.746361832e-09    1.013054418    -0.01296994357    -6.904749117e-10    0.584408928
45.74574575   1.678599118e-09    1.013025292    -0.01294119247    -6.636024838e-10    0.584408928
45.84584585   1.613473474e-09    1.012996296    -0.01291256857    -6.377792797e-10    0.584408928
45.94594595   1.550881943e-09    1.012967428    -0.01288407103    -6.129641868e-10    0.584408928
46.04604605   1.490725604e-09    1.012938689    -0.01285569899    -5.8911771e-10    0.584408928
46.14614615   1.432909408e-09    1.012910076    -0.01282745165    -5.662019073e-10    0.584408928
46.24624625   1.377342033e-09    1.01288159    -0.01279932817    -5.441803291e-10    0.584408928
46.34634635   1.32393573e-09    1.012853229    -0.01277132775    -5.230179585e-10    0.584408928
46.44644645   1.272606188e-09    1.012824993    -0.01274344958    -5.026811554e-10    0.584408928
46.54654655   1.223272395e-09    1.012796881    -0.01271569286    -4.831376017e-10    0.584408928
46.64664665   1.175856512e-09    1.012768892    -0.0126880568    -4.643562495e-10    0.584408928
46.74674675   1.130283746e-09    1.012741025    -0.01266054061    -4.463072704e-10    0.584408928
46.84684685   1.086482228e-09    1.012713279    -0.01263314351    -4.289620081e-10    0.584408928
46.94694695   1.044382905e-09    1.012685654    -0.01260586474    -4.122929317e-10    0.584408928
47.04704705   1.003919422e-09    1.012658148    -0.01257870353    -3.962735912e-10    0.584408928
47.14714715   9.650280219e-10    1.012630762    -0.01255165912    -3.808785754e-10    0.584408928
47.24724725   9.276474391e-10    1.012603494    -0.01252473075    -3.660834704e-10    0.584408928
47.34734735   8.917188045e-10    1.012576343    -0.01249791769    -3.518648208e-10    0.584408928
47.44744745   8.571855501e-10    1.012549309    -0.0124712192    -3.382000915e-10    0.584408928
47.54754755   8.239933193e-10    1.012522391    -0.01244463453    -3.250676314e-10    0.584408928
47.64764765   7.920898801e-10    1.012495589    -0.01241816297    -3.124466392e-10    0.584408928
47.74774775   7.614250413e-10    1.0124689    -0.0123918038    -3.003171291e-10    0.584408928
47.84784785   7.319505731e-10    1.012442326    -0.01236555629    -2.886598993e-10    0.584408928
47.94794795   7.036201296e-10    1.012415864    -0.01233941975    -2.774565008e-10    0.584408928
48.04804805   6.763891755e-10    1.012389515    -0.01231339346    -2.66689208e-10    0.584408928
48.14814815   6.502149144e-10    1.012363278    -0.01228747674    -2.563409899e-10    0.584408928
48.24824825   6.250562215e-10    1.012337151    -0.0122616689    -2.463954832e-10    0.584408928
48.34834835   6.008735775e-10    1.012311135    -0.01223596924    -2.368369657e-10    0.584408928
48.44844845   5.776290057e-10    1.012285228    -0.01221037709    -2.27650331e-10    0.584408928
48.54854855   5.552860121e-10    1.01225943    -0.01218489178    -2.188210648e-10    0.584408928
48.64864865   5.338095265e-10    1.01223374    -0.01215951263    -2.10335221e-10    0.584408928
48.74874875   5.131658475e-10    1.012208158    -0.012134239    -2.021793998e-10    0.584408928
48.84884885   4.933225886e-10    1.012182682    -0.01210907021    -1.943407258e-10    0.584408928
48.94894895   4.742486265e-10    1.012157312    -0.01208400562    -1.868068281e-10    0.584408928
49.04904905   4.55914052e-10    1.012132048    -0.01205904459    -1.795658195e-10    0.584408928
49.14914915   4.382901223e-10    1.012106889    -0.01203418646    -1.726062784e-10    0.584408928
49.24924925   4.213492155e-10    1.012081833    -0.01200943062    -1.659172299e-10    0.584408928
49.34934935   4.050647866e-10    1.012056882    -0.01198477642    -1.594881286e-10    0.584408928
49.44944945   3.894113252e-10    1.012032033    -0.01196022325    -1.533088416e-10    0.584408928
49.54954955   3.743643156e-10    1.012007286    -0.01193577048    -1.473696323e-10    0.584408928
49.64964965   3.599001973e-10    1.011982641    -0.0119114175    -1.416611449e-10    0.584408928
49.74974975   3.45996328e-10    1.011958097    -0.01188716369    -1.361743892e-10    0.584408928
49.84984985   3.326309475e-10    1.011933653    -0.01186300846    -1.309007268e-10    0.584408928
49.94994995   3.197831434e-10    1.011909309    -0.01183895121    -1.258318568e-10    0.584408928
50.05005005   3.074328178e-10    1.011885064    -0.01181499133    -1.209598026e-10    0.584408928
50.15015015   2.955606556e-10    1.011860918    -0.01179112825    -1.162768994e-10    0.584408928
50.25025025   2.84148094e-10    1.011836869    -0.01176736136    -1.11775782e-10    0.584408928
50.35035035   2.731772926e-10    1.011812918    -0.01174369011    -1.074493728e-10    0.584408928
50.45045045   2.626311058e-10    1.011789064    -0.01172011389    -1.032908707e-10    0.584408928
50.55055055   2.524930554e-10    1.011765305    -0.01169663216    -9.929374003e-11    0.584408928
50.65065065   2.427473046e-10    1.011741643    -0.01167324433    -9.545170059e-11    0.584408928
50.75075075   2.333786326e-10    1.011718075    -0.01164994986    -9.175871723e-11    0.584408928
50.85085085   2.243724113e-10    1.011694602    -0.01162674817    -8.820899043e-11    0.584408928
50.95095095   2.157145813e-10    1.011671222    -0.01160363871    -8.479694703e-11    0.584408928
51.05105105   2.073916304e-10    1.011647936    -0.01158062095    -8.151723137e-11    0.584408928
51.15115115   1.993905719e-10    1.011624743    -0.01155769432    -7.836469678e-11    0.584408928
51.25125125   1.91698924e-10    1.011601641    -0.0115348583    -7.533439737e-11    0.584408928
51.35135135   1.843046906e-10    1.011578632    -0.01151211235    -7.242158021e-11    0.584408928
51.45145145   1.771963418e-10    1.011555713    -0.01148945593    -6.962167773e-11    0.584408928
51.55155155   1.703627959e-10    1.011532885    -0.01146688851    -6.693030052e-11    0.584408928
51.65165165   1.63793402e-10    1.011510147    -0.01144440958    -6.434323031e-11    0.584408928
51.75175175   1.574779233e-10    1.011487499    -0.01142201862    -6.185641329e-11    0.584408928
51.85185185   1.514065207e-10    1.011464939    -0.0113997151    -5.946595369e-11    0.584408928
51.95195195   1.455697375e-10    1.011442468    -0.01137749852    -5.716810758e-11    0.584408928
52.05205205   1.399584842e-10    1.011420085    -0.01135536836    -5.495927695e-11    0.584408928
52.15215215   1.345640246e-10    1.01139779    -0.01133332414    -5.283600398e-11    0.584408928
52.25225225   1.293779618e-10    1.011375581    -0.01131136534    -5.079496558e-11    0.584408928
52.35235235   1.243922251e-10    1.011353458    -0.01128949147    -4.883296812e-11    0.584408928
52.45245245   1.19599057e-10    1.011331422    -0.01126770205    -4.694694237e-11    0.584408928
52.55255255   1.149910015e-10    1.011309471    -0.01124599657    -4.513393861e-11    0.584408928
52.65265265   1.105608917e-10    1.011287604    -0.01122437456    -4.339112201e-11    0.584408928
52.75275275   1.063018393e-10    1.011265822    -0.01120283554    -4.171576811e-11    0.584408928
52.85285285   1.022072231e-10    1.011244124    -0.01118137903    -4.010525853e-11    0.584408928
52.95295295   9.827067892e-11    1.01122251    -0.01116000455    -3.855707678e-11    0.584408928
53.05305305   9.448608969e-11    1.011200978    -0.01113871164    -3.706880433e-11    0.584408928
53.15315315   9.084757555e-11    1.011179529    -0.01111749983    -3.563811679e-11    0.584408928
53.25325325   8.73494848e-11    1.011158162    -0.01109636866    -3.426278019e-11    0.584408928
53.35335335   8.398638496e-11    1.011136876    -0.01107531767    -3.294064746e-11    0.584408928
53.45345345   8.075305428e-11    1.011115671    -0.01105434641    -3.16696551e-11    0.584408928
53.55355355   7.764447354e-11    1.011094547    -0.01103345441    -3.044781983e-11    0.584408928
53.65365365   7.465581813e-11    1.011073504    -0.01101264124    -2.927323551e-11    0.584408928
53.75375375   7.178245053e-11    1.011052539    -0.01099190645    -2.814407014e-11    0.584408928
53.85385385   6.9019913e-11    1.011031654    -0.01097124959    -2.705856293e-11    0.584408928
53.95395395   6.636392063e-11    1.011010848    -0.01095067023    -2.601502156e-11    0.584408928
54.05405405   6.381035456e-11    1.01099012    -0.01093016793    -2.501181948e-11    0.584408928
54.15415415   6.13552556e-11    1.010969471    -0.01090974227    -2.404739336e-11    0.584408928
54.25425425   5.899481797e-11    1.010948898    -0.0108893928    -2.312024064e-11    0.584408928
54.35435435   5.672538336e-11    1.010928403    -0.01086911911    -2.222891711e-11    0.584408928
54.45445445   5.454343519e-11    1.010907984    -0.01084892077    -2.137203472e-11    0.584408928
54.55455455   5.244559311e-11    1.010887641    -0.01082879737    -2.05482593e-11    0.584408928
54.65465465   5.042860773e-11    1.010867374    -0.01080874848    -1.975630852e-11    0.584408928
54.75475475   4.848935549e-11    1.010847182    -0.0107887737    -1.899494986e-11    0.584408928
54.85485485   4.662483379e-11    1.010827066    -0.01076887261    -1.826299865e-11    0.584408928
54.95495495   4.483215632e-11    1.010807023    -0.01074904481    -1.755931623e-11    0.584408928
55.05505506   4.31085485e-11    1.010787055    -0.0107292899    -1.688280814e-11    0.584408928
55.15515516   4.145134317e-11    1.010767161    -0.01070960746    -1.623242241e-11    0.584408928
55.25525526   3.985797644e-11    1.010747339    -0.01068999711    -1.560714791e-11    0.584408928
55.35535536   3.832598363e-11    1.010727591    -0.01067045844    -1.500601274e-11    0.584408928
55.45545546   3.685299545e-11    1.010707915    -0.01065099108    -1.442808272e-11    0.584408928
55.55555556   3.54367343e-11    1.010688311    -0.01063159462    -1.387245992e-11    0.584408928
55.65565566   3.407501071e-11    1.010668779    -0.01061226868    -1.333828124e-11    0.584408928
55.75575576   3.276571992e-11    1.010649317    -0.01059301287    -1.282471708e-11    0.584408928
55.85585586   3.150683859e-11    1.010629927    -0.01057382682    -1.233096999e-11    0.584408928
55.95595596   3.029642164e-11    1.010610608    -0.01055471015    -1.185627347e-11    0.584408928
56.05605606   2.913259923e-11    1.010591358    -0.01053566247    -1.139989075e-11    0.584408928
56.15615616   2.801357382e-11    1.010572178    -0.01051668343    -1.09611136e-11    0.584408928
56.25625626   2.69376174e-11    1.010553068    -0.01049777264    -1.053926127e-11    0.584408928
56.35635636   2.590306874e-11    1.010534026    -0.01047892974    -1.013367939e-11    0.584408928
56.45645646   2.490833088e-11    1.010515053    -0.01046015437    -9.743738968e-12    0.584408928
56.55655656   2.395186855e-11    1.010496148    -0.01044144616    -9.368835375e-12    0.584408928
56.65665666   2.303220585e-11    1.010477311    -0.01042280475    -9.008387421e-12    0.584408928
56.75675676   2.214792391e-11    1.010458542    -0.01040422979    -8.661836433e-12    0.584408928
56.85685686   2.129765871e-11    1.01043984    -0.01038572092    -8.328645385e-12    0.584408928
56.95695696   2.048009891e-11    1.010421204    -0.01036727779    -8.008298056e-12    0.584408928
57.05705706   1.969398386e-11    1.010402635    -0.01034890005    -7.700298219e-12    0.584408928
57.15715716   1.893810161e-11    1.010384132    -0.01033058735    -7.404168869e-12    0.584408928
57.25725726   1.821128701e-11    1.010365695    -0.01031233935    -7.119451472e-12    0.584408928
57.35735736   1.751241994e-11    1.010347323    -0.01029415571    -6.845705253e-12    0.584408928
57.45745746   1.684042353e-11    1.010329016    -0.01027603608    -6.5825065e-12    0.584408928
57.55755756   1.61942625e-11    1.010310774    -0.01025798012    -6.329447907e-12    0.584408928
57.65765766   1.557294153e-11    1.010292596    -0.01023998751    -6.086137934e-12    0.584408928
57.75775776   1.497550376e-11    1.010274482    -0.01022205791    -5.852200197e-12    0.584408928
57.85785786   1.440102925e-11    1.010256431    -0.01020419099    -5.627272877e-12    0.584408928
57.95795796   1.384863358e-11    1.010238444    -0.01018638643    -5.411008161e-12    0.584408928
58.05805806   1.331746646e-11    1.01022052    -0.01016864388    -5.203071689e-12    0.584408928
58.15815816   1.280671043e-11    1.010202659    -0.01015096304    -5.003142042e-12    0.584408928
58.25825826   1.231557958e-11    1.01018486    -0.01013334359    -4.810910233e-12    0.584408928
58.35835836   1.184331831e-11    1.010167123    -0.01011578519    -4.626079227e-12    0.584408928
58.45845846   1.138920019e-11    1.010149447    -0.01009828754    -4.448363479e-12    0.584408928
58.55855856   1.095252681e-11    1.010131833    -0.01008085031    -4.277488486e-12    0.584408928
58.65865866   1.053262671e-11    1.01011428    -0.01006347321    -4.113190363e-12    0.584408928
58.75875876   1.012885431e-11    1.010096788    -0.01004615591    -3.955215423e-12    0.584408928
58.85885886   9.740588951e-12    1.010079356    -0.01002889811    -3.803319792e-12    0.584408928
58.95895896   9.36723391e-12    1.010061984    -0.01001169951    -3.657269022e-12    0.584408928
59.05905906   9.008215467e-12    1.010044672    -0.009994559791    -3.516837727e-12    0.584408928
59.15915916   8.662982028e-12    1.01002742    -0.009977478661    -3.381809232e-12    0.584408928
59.25925926   8.331003267e-12    1.010010226    -0.009960455819    -3.251975236e-12    0.584408928
59.35935936   8.011769302e-12    1.009993092    -0.009943490966    -3.127135489e-12    0.584408928
59.45945946   7.704789906e-12    1.009976016    -0.009926583806    -3.007097476e-12    0.584408928
59.55955956   7.409593751e-12    1.009958998    -0.009909734046    -2.89167612e-12    0.584408928
59.65965966   7.12572767e-12    1.009942038    -0.009892941394    -2.780693496e-12    0.584408928
59.75975976   6.852755965e-12    1.009925136    -0.009876205559    -2.673978549e-12    0.584408928
59.85985986   6.590259725e-12    1.009908292    -0.009859526255    -2.571366832e-12    0.584408928
59.95995996   6.337836181e-12    1.009891504    -0.009842903194    -2.472700249e-12    0.584408928
60.06006006   6.095098082e-12    1.009874773    -0.009826336094    -2.377826809e-12    0.584408928
60.16016016   5.861673095e-12    1.009858099    -0.009809824672    -2.286600389e-12    0.584408928
60.26026026   5.637203231e-12    1.009841481    -0.009793368647    -2.198880507e-12    0.584408928
60.36036036   5.421344288e-12    1.009824918    -0.009776967742    -2.114532107e-12    0.584408928
60.46046046   5.213765322e-12    1.009808412    -0.00976062168    -2.033425344e-12    0.584408928
60.56056056   5.014148135e-12    1.009791961    -0.009744330186    -1.955435385e-12    0.584408928
60.66066066   4.822186779e-12    1.009775565    -0.009728092988    -1.880442214e-12    0.584408928
60.76076076   4.637587089e-12    1.009759223    -0.009711909814    -1.808330449e-12    0.584408928
60.86086086   4.460066224e-12    1.009742937    -0.009695780395    -1.738989157e-12    0.584408928
60.96096096   4.289352233e-12    1.009726704    -0.009679704465    -1.672311687e-12    0.584408928
61.06106106   4.125183633e-12    1.009710526    -0.009663681756    -1.608195502e-12    0.584408928
61.16116116   3.967309004e-12    1.009694401    -0.009647712006    -1.546542021e-12    0.584408928
61.26126126   3.815486605e-12    1.00967833    -0.009631794953    -1.487256463e-12    0.584408928
61.36136136   3.669483997e-12    1.009662312    -0.009615930335    -1.430247705e-12    0.584408928
61.46146146   3.529077685e-12    1.009646347    -0.009600117894    -1.375428139e-12    0.584408928
61.56156156   3.394052776e-12    1.009630434    -0.009584357374    -1.322713531e-12    0.584408928
61.66166166   3.264202642e-12    1.009614574    -0.009568648518    -1.272022899e-12    0.584408928
61.76176176   3.139328605e-12    1.009598767    -0.009552991074    -1.223278382e-12    0.584408928
61.86186186   3.01923963e-12    1.009583011    -0.009537384789    -1.176405119e-12    0.584408928
61.96196196   2.903752031e-12    1.009567306    -0.009521829413    -1.131331137e-12    0.584408928
62.06206206   2.792689186e-12    1.009551653    -0.009506324697    -1.087987235e-12    0.584408928
62.16216216   2.685881265e-12    1.009536052    -0.009490870394    -1.04630688e-12    0.584408928
62.26226226   2.583164969e-12    1.009520501    -0.009475466259    -1.006226103e-12    0.584408928
62.36236236   2.48438328e-12    1.009505    -0.009460112047    -9.676833994e-13    0.584408928
62.46246246   2.389385214e-12    1.00948955    -0.009444807517    -9.306196353e-13    0.584408928
62.56256256   2.298025595e-12    1.009474151    -0.009429552428    -8.949779539e-13    0.584408928
62.66266266   2.210164825e-12    1.009458801    -0.00941434654    -8.607036893e-13    0.584408928
62.76276276   2.125668674e-12    1.009443501    -0.009399189616    -8.27744281e-13    0.584408928
62.86286286   2.04440807e-12    1.00942825    -0.00938408142    -7.960491929e-13    0.584408928
62.96296296   1.966258903e-12    1.009413048    -0.009369021717    -7.655698354e-13    0.584408928
63.06306306   1.891101832e-12    1.009397896    -0.009354010274    -7.362594899e-13    0.584408928
63.16316316   1.818822101e-12    1.009382792    -0.009339046859    -7.080732366e-13    0.584408928
63.26326326   1.749309364e-12    1.009367736    -0.009324131243    -6.809678854e-13    0.584408928
63.36336336   1.682457515e-12    1.009352729    -0.009309263196    -6.549019089e-13    0.584408928
63.46346346   1.618164524e-12    1.00933777    -0.009294442491    -6.298353783e-13    0.584408928
63.56356356   1.55633228e-12    1.009322859    -0.009279668903    -6.057299018e-13    0.584408928
63.66366366   1.496866442e-12    1.009307995    -0.009264942208    -5.825485652e-13    0.584408928
63.76376376   1.439676291e-12    1.009293178    -0.009250262181    -5.602558751e-13    0.584408928
63.86386386   1.384674593e-12    1.009278409    -0.009235628603    -5.388177037e-13    0.584408928
63.96396396   1.331777463e-12    1.009263686    -0.009221041252    -5.182012366e-13    0.584408928
64.06406406   1.280904238e-12    1.00924901    -0.009206499911    -4.983749221e-13    0.584408928
64.16416416   1.231977353e-12    1.009234381    -0.009192004361    -4.79308422e-13    0.584408928
64.26426426   1.184922218e-12    1.009219797    -0.009177554387    -4.609725656e-13    0.584408928
64.36436436   1.139667111e-12    1.00920526    -0.009163149774    -4.43339304e-13    0.584408928
64.46446446   1.096143059e-12    1.009190768    -0.009148790308    -4.263816672e-13    0.584408928
64.56456456   1.054283739e-12    1.009176322    -0.009134475779    -4.100737226e-13    0.584408928
64.66466466   1.014025372e-12    1.009161922    -0.009120205975    -3.943905347e-13    0.584408928
64.76476476   9.753066296e-13    1.009147566    -0.009105980687    -3.79308127e-13    0.584408928
64.86486486   9.380685336e-13    1.009133256    -0.009091799708    -3.648034448e-13    0.584408928
64.96496496   9.022543708e-13    1.00911899    -0.009077662829    -3.508543198e-13    0.584408928
65.06506507   8.678096036e-13    1.009104768    -0.009063569846    -3.37439436e-13    0.584408928
65.16516517   8.34681787e-13    1.009090591    -0.009049520556    -3.245382968e-13    0.584408928
65.26526527   8.028204881e-13    1.009076458    -0.009035514754    -3.121311933e-13    0.584408928
65.36536537   7.721772085e-13    1.009062369    -0.009021552239    -3.001991743e-13    0.584408928
65.46546547   7.427053101e-13    1.009048324    -0.009007632812    -2.887240168e-13    0.584408928
65.56556557   7.14359944e-13    1.009034322    -0.008993756272    -2.776881981e-13    0.584408928
65.66566567   6.870979809e-13    1.009020363    -0.008979922422    -2.670748689e-13    0.584408928
65.76576577   6.608779459e-13    1.009006447    -0.008966131065    -2.568678272e-13    0.584408928
65.86586587   6.356599545e-13    1.008992574    -0.008952382006    -2.470514935e-13    0.584408928
65.96596597   6.114056514e-13    1.008978744    -0.00893867505    -2.376108868e-13    0.584408928
66.06606607   5.880781519e-13    1.008964957    -0.008925010005    -2.285316015e-13    0.584408928
66.16616617   5.656419857e-13    1.008951211    -0.008911386678    -2.197997855e-13    0.584408928
66.26626627   5.44063042e-13    1.008937508    -0.008897804878    -2.114021185e-13    0.584408928
66.36636637   5.233085177e-13    1.008923847    -0.008884264417    -2.03325792e-13    0.584408928
66.46646647   5.033468671e-13    1.008910227    -0.008870765105    -1.955584891e-13    0.584408928
66.56656657   4.841477536e-13    1.008896649    -0.008857306755    -1.88088366e-13    0.584408928
66.66666667   4.656820032e-13    1.008883112    -0.008843889182    -1.809040337e-13    0.584408928
66.76676677   4.479215599e-13    1.008869616    -0.008830512199    -1.739945402e-13    0.584408928
66.86686687   4.308394428e-13    1.008856161    -0.008817175624    -1.673493543e-13    0.584408928
66.96696697   4.144097049e-13    1.008842747    -0.008803879272    -1.609583488e-13    0.584408928
67.06706707   3.986073933e-13    1.008829374    -0.008790622964    -1.548117852e-13    0.584408928
67.16716717   3.834085112e-13    1.008816041    -0.008777406517    -1.489002989e-13    0.584408928
67.26726727   3.687899808e-13    1.008802748    -0.008764229753    -1.432148846e-13    0.584408928
67.36736737   3.547296086e-13    1.008789495    -0.008751092493    -1.377468828e-13    0.584408928
67.46746747   3.412060512e-13    1.008776282    -0.008737994559    -1.324879658e-13    0.584408928
67.56756757   3.281987824e-13    1.008763109    -0.008724935776    -1.27430126e-13    0.584408928
67.66766767   3.156880624e-13    1.008749975    -0.008711915968    -1.225656626e-13    0.584408928
67.76776777   3.036549073e-13    1.008736881    -0.00869893496    -1.178871703e-13    0.584408928
67.86786787   2.9208106e-13    1.008723825    -0.00868599258    -1.133875281e-13    0.584408928
67.96796797   2.809489626e-13    1.008710809    -0.008673088656    -1.090598879e-13    0.584408928
68.06806807   2.702417295e-13    1.008697831    -0.008660223015    -1.048976644e-13    0.584408928
68.16816817   2.599431214e-13    1.008684892    -0.008647395489    -1.008945248e-13    0.584408928
68.26826827   2.500375208e-13    1.008671992    -0.008634605908    -9.704437906e-14    0.584408928
68.36836837   2.40509908e-13    1.008659129    -0.008621854104    -9.334137084e-14    0.584408928
68.46846847   2.313458383e-13    1.008646305    -0.008609139909    -8.977986827e-14    0.584408928
68.56856857   2.225314198e-13    1.008633519    -0.008596463158    -8.635445543e-14    0.584408928
68.66866867   2.140532922e-13    1.00862077    -0.008583823686    -8.305992402e-14    0.584408928
68.76876877   2.058986066e-13    1.008608059    -0.008571221328    -7.989126541e-14    0.584408928
68.86886887   1.980550058e-13    1.008595386    -0.008558655921    -7.684366296e-14    0.584408928
68.96896897   1.905106054e-13    1.00858275    -0.008546127302    -7.391248465e-14    0.584408928
69.06906907   1.832539757e-13    1.008570151    -0.008533635311    -7.109327599e-14    0.584408928
69.16916917   1.762741244e-13    1.008557588    -0.008521179787    -6.838175322e-14    0.584408928
69.26926927   1.695604795e-13    1.008545063    -0.008508760571    -6.577379671e-14    0.584408928
69.36936937   1.631028738e-13    1.008532574    -0.008496377503    -6.326544472e-14    0.584408928
69.46946947   1.568915286e-13    1.008520122    -0.008484030427    -6.085288729e-14    0.584408928
69.56956957   1.509170396e-13    1.008507706    -0.008471719186    -5.853246043e-14    0.584408928
69.66966967   1.45170362e-13    1.008495326    -0.008459443624    -5.630064055e-14    0.584408928
69.76976977   1.396427968e-13    1.008482982    -0.008447203585    -5.4154039e-14    0.584408928
69.86986987   1.343259779e-13    1.008470674    -0.008434998917    -5.208939695e-14    0.584408928
69.96996997   1.292118591e-13    1.008458401    -0.008422829466    -5.010358042e-14    0.584408928
70.07007007   1.242927017e-13    1.008446164    -0.008410695079    -4.819357541e-14    0.584408928
70.17017017   1.195610629e-13    1.008433963    -0.008398595606    -4.635648339e-14    0.584408928
70.27027027   1.150097847e-13    1.008421796    -0.008386530896    -4.458951681e-14    0.584408928
70.37037037   1.106319824e-13    1.008409665    -0.0083745008    -4.288999487e-14    0.584408928
70.47047047   1.064210348e-13    1.008397569    -0.008362505168    -4.12553394e-14    0.584408928
70.57057057   1.023705737e-13    1.008385507    -0.008350543852    -3.968307097e-14    0.584408928
70.67067067   9.847447411e-14    1.00837348    -0.008338616707    -3.817080504e-14    0.584408928
70.77077077   9.47268454e-14    1.008361487    -0.008326723585    -3.671624838e-14    0.584408928
70.87087087   9.112202195e-14    1.008349529    -0.00831486434    -3.531719553e-14    0.584408928
70.97097097   8.765455467e-14    1.008337605    -0.00830303883    -3.397152545e-14    0.584408928
71.07107107   8.431920269e-14    1.008325714    -0.008291246909    -3.267719828e-14    0.584408928
71.17117117   8.111092543e-14    1.008313858    -0.008279488435    -3.143225224e-14    0.584408928
71.27127127   7.802487485e-14    1.008302036    -0.008267763266    -3.023480061e-14    0.584408928
71.37137137   7.505638818e-14    1.008290247    -0.00825607126    -2.908302886e-14    0.584408928
71.47147147   7.220098077e-14    1.008278491    -0.008244412278    -2.797519193e-14    0.584408928
71.57157157   6.945433927e-14    1.008266769    -0.008232786178    -2.690961148e-14    0.584408928
71.67167167   6.681231513e-14    1.00825508    -0.008221192823    -2.588467341e-14    0.584408928
71.77177177   6.427091823e-14    1.008243424    -0.008209632074    -2.489882537e-14    0.584408928
71.87187187   6.182631088e-14    1.0082318    -0.008198103794    -2.395057439e-14    0.584408928
71.97197197   5.947480193e-14    1.00822021    -0.008186607846    -2.30384846e-14    0.584408928
72.07207207   5.72128412e-14    1.008208652    -0.008175144095    -2.216117505e-14    0.584408928
72.17217217   5.503701411e-14    1.008197126    -0.008163712405    -2.131731761e-14    0.584408928
72.27227227   5.294403644e-14    1.008185633    -0.008152312642    -2.050563496e-14    0.584408928
72.37237237   5.093074937e-14    1.008174172    -0.008140944672    -1.97248986e-14    0.584408928
72.47247247   4.899411469e-14    1.008162743    -0.008129608363    -1.897392702e-14    0.584408928
72.57257257   4.713121019e-14    1.008151346    -0.008118303582    -1.825158389e-14    0.584408928
72.67267267   4.533922521e-14    1.008139981    -0.008107030199    -1.755677632e-14    0.584408928
72.77277277   4.36154564e-14    1.008128648    -0.008095788082    -1.68884532e-14    0.584408928
72.87287287   4.195730358e-14    1.008117346    -0.008084577102    -1.62456036e-14    0.584408928
72.97297297   4.036226582e-14    1.008106075    -0.008073397129    -1.562725526e-14    0.584408928
73.07307307   3.882793766e-14    1.008094835    -0.008062248036    -1.503247306e-14    0.584408928
73.17317317   3.735200543e-14    1.008083627    -0.008051129693    -1.446035763e-14    0.584408928
73.27327327   3.593224375e-14    1.00807245    -0.008040041975    -1.391004397e-14    0.584408928
73.37337337   3.456651218e-14    1.008061303    -0.008028984755    -1.338070013e-14    0.584408928
73.47347347   3.325275195e-14    1.008050188    -0.008017957907    -1.287152598e-14    0.584408928
73.57357357   3.198898282e-14    1.008039103    -0.008006961306    -1.238175195e-14    0.584408928
73.67367367   3.077330014e-14    1.008028048    -0.007995994828    -1.191063785e-14    0.584408928
73.77377377   2.96038719e-14    1.008017024    -0.007985058349    -1.145747182e-14    0.584408928
73.87387387   2.847893599e-14    1.00800603    -0.007974151747    -1.102156916e-14    0.584408928
73.97397397   2.739679753e-14    1.007995066    -0.007963274898    -1.060227134e-14    0.584408928
74.07407407   2.635582626e-14    1.007984132    -0.007952427683    -1.019894498e-14    0.584408928
74.17417417   2.535445414e-14    1.007973228    -0.007941609979    -9.810980916e-15    0.584408928
74.27427427   2.43911729e-14    1.007962354    -0.007930821666    -9.437793222e-15    0.584408928
74.37437437   2.346453183e-14    1.007951509    -0.007920062625    -9.078818368e-15    0.584408928
74.47447447   2.257313552e-14    1.007940694    -0.007909332737    -8.733514342e-15    0.584408928
74.57457457   2.171564178e-14    1.007929908    -0.007898631883    -8.401359831e-15    0.584408928
74.67467467   2.08907596e-14    1.007919152    -0.007887959946    -8.081853431e-15    0.584408928
74.77477477   2.009724719e-14    1.007908424    -0.007877316808    -7.774512882e-15    0.584408928
74.87487487   1.933391012e-14    1.007897726    -0.007866702354    -7.478874338e-15    0.584408928
74.97497497   1.85995995e-14    1.007887057    -0.007856116467    -7.194491664e-15    0.584408928
75.07507508   1.789321022e-14    1.007876416    -0.007845559032    -6.920935755e-15    0.584408928
75.17517518   1.721367931e-14    1.007865804    -0.007835029935    -6.657793891e-15    0.584408928
75.27527528   1.655998433e-14    1.007855221    -0.007824529062    -6.404669104e-15    0.584408928
75.37537538   1.593114179e-14    1.007844666    -0.0078140563    -6.16117958e-15    0.584408928
75.47547548   1.532620571e-14    1.007834139    -0.007803611535    -5.926958077e-15    0.584408928
75.57557558   1.474426616e-14    1.007823641    -0.007793194655    -5.701651371e-15    0.584408928
75.67567568   1.418444786e-14    1.00781317    -0.00778280555    -5.484919717e-15    0.584408928
75.77577578   1.364590893e-14    1.007802728    -0.007772444107    -5.276436338e-15    0.584408928
75.87587588   1.312783953e-14    1.007792313    -0.007762110218    -5.075886924e-15    0.584408928
75.97597598   1.262946072e-14    1.007781927    -0.007751803771    -4.88296916e-15    0.584408928
76.07607608   1.21500232e-14    1.007771568    -0.007741524658    -4.697392266e-15    0.584408928
76.17617618   1.168880625e-14    1.007761236    -0.007731272771    -4.518876554e-15    0.584408928
76.27627628   1.124511659e-14    1.007750932    -0.007721048001    -4.34715301e-15    0.584408928
76.37637638   1.081828736e-14    1.007740655    -0.00771085024    -4.18196288e-15    0.584408928
76.47647648   1.04076771e-14    1.007730406    -0.007700679382    -4.023057281e-15    0.584408928
76.57657658   1.001266879e-14    1.007720183    -0.007690535321    -3.870196825e-15    0.584408928
76.67667668   9.632668908e-15    1.007709988    -0.007680417951    -3.723151254e-15    0.584408928
76.77677678   9.267106539e-15    1.007699819    -0.007670327166    -3.581699091e-15    0.584408928
76.87687688   8.915432516e-15    1.007689678    -0.007660262863    -3.445627308e-15    0.584408928
76.97697698   8.577118583e-15    1.007679563    -0.007650224936    -3.314730998e-15    0.584408928
77.07707708   8.251656603e-15    1.007669474    -0.007640213282    -3.188813072e-15    0.584408928
77.17717718   7.938557789e-15    1.007659412    -0.007630227798    -3.067683952e-15    0.584408928
77.27727728   7.637351967e-15    1.007649377    -0.007620268383    -2.951161292e-15    0.584408928
77.37737738   7.347586865e-15    1.007639367    -0.007610334933    -2.839069697e-15    0.584408928
77.47747748   7.068827431e-15    1.007629384    -0.007600427348    -2.731240459e-15    0.584408928
77.57757758   6.800655179e-15    1.007619427    -0.007590545526    -2.627511301e-15    0.584408928
77.67767768   6.542667552e-15    1.007609496    -0.007580689367    -2.527726134e-15    0.584408928
77.77777778   6.294477319e-15    1.00759959    -0.007570858771    -2.431734817e-15    0.584408928
77.87787788   6.055711991e-15    1.007589711    -0.00756105364    -2.339392934e-15    0.584408928
77.97797798   5.826013257e-15    1.007579857    -0.007551273874    -2.250561572e-15    0.584408928
78.07807808   5.605036443e-15    1.007570028    -0.007541519374    -2.165107113e-15    0.584408928
78.17817818   5.392449997e-15    1.007560225    -0.007531790044    -2.082901031e-15    0.584408928
78.27827828   5.187934982e-15    1.007550448    -0.007522085785    -2.003819697e-15    0.584408928
78.37837838   4.991184603e-15    1.007540695    -0.007512406502    -1.927744196e-15    0.584408928
78.47847848   4.801903735e-15    1.007530968    -0.007502752097    -1.854560141e-15    0.584408928
78.57857858   4.619808489e-15    1.007521266    -0.007493122475    -1.784157505e-15    0.584408928
78.67867868   4.444625775e-15    1.007511589    -0.007483517541    -1.716430453e-15    0.584408928
78.77877878   4.276092895e-15    1.007501937    -0.007473937199    -1.651277182e-15    0.584408928
78.87887888   4.113957145e-15    1.007492309    -0.007464381356    -1.588599768e-15    0.584408928
78.97897898   3.957975439e-15    1.007482706    -0.007454849918    -1.528304017e-15    0.584408928
79.07907908   3.807913934e-15    1.007473128    -0.00744534279    -1.470299322e-15    0.584408928
79.17917918   3.663547687e-15    1.007463575    -0.007435859882    -1.414498528e-15    0.584408928
79.27927928   3.52466031e-15    1.007454045    -0.007426401099    -1.360817801e-15    0.584408928
79.37937938   3.391043645e-15    1.00744454    -0.007416966349    -1.309176498e-15    0.584408928
79.47947948   3.262497455e-15    1.007435059    -0.007407555543    -1.259497048e-15    0.584408928
79.57957958   3.138829116e-15    1.007425603    -0.007398168588    -1.211704835e-15    0.584408928
79.67967968   3.019853332e-15    1.00741617    -0.007388805393    -1.165728082e-15    0.584408928
79.77977978   2.905391852e-15    1.007406761    -0.00737946587    -1.121497748e-15    0.584408928
79.87987988   2.795273205e-15    1.007397376    -0.007370149927    -1.078947418e-15    0.584408928
79.97997998   2.689332441e-15    1.007388015    -0.007360857477    -1.038013209e-15    0.584408928
80.08008008   2.587410881e-15    1.007378678    -0.00735158843    -9.986336682e-16    0.584408928
80.18018018   2.489355881e-15    1.007369364    -0.007342342697    -9.607496819e-16    0.584408928
80.28028028   2.3950206e-15    1.007360073    -0.007333120192    -9.243043878e-16    0.584408928
80.38038038   2.304263781e-15    1.007350806    -0.007323920826    -8.892430881e-16    0.584408928
80.48048048   2.216949535e-15    1.007341563    -0.007314744513    -8.555131667e-16    0.584408928
80.58058058   2.132947141e-15    1.007332342    -0.007305591166    -8.230640105e-16    0.584408928
80.68068068   2.052130847e-15    1.007323145    -0.007296460699    -7.918469327e-16    0.584408928
80.78078078   1.97437968e-15    1.00731397    -0.007287353026    -7.618150994e-16    0.584408928
80.88088088   1.899577269e-15    1.007304819    -0.007278268062    -7.329234593e-16    0.584408928
80.98098098   1.82761166e-15    1.007295691    -0.007269205722    -7.051286753e-16    0.584408928
81.08108108   1.758375161e-15    1.007286585    -0.007260165922    -6.783890596e-16    0.584408928
81.18118118   1.691764167e-15    1.007277502    -0.007251148578    -6.526645105e-16    0.584408928
81.28128128   1.627679015e-15    1.007268441    -0.007242153606    -6.279164524e-16    0.584408928
81.38138138   1.566023825e-15    1.007259404    -0.007233180924    -6.041077772e-16    0.584408928
81.48148148   1.506706365e-15    1.007250388    -0.007224230447    -5.812027887e-16    0.584408928
81.58158158   1.449637905e-15    1.007241395    -0.007215302095    -5.591671488e-16    0.584408928
81.68168168   1.394733086e-15    1.007232424    -0.007206395784    -5.379678256e-16    0.584408928
81.78178178   1.341909795e-15    1.007223476    -0.007197511435    -5.175730438e-16    0.584408928
81.88188188   1.291089036e-15    1.007214549    -0.007188648964    -4.979522367e-16    0.584408928
81.98198198   1.242194815e-15    1.007205645    -0.007179808292    -4.790760003e-16    0.584408928
82.08208208   1.195154025e-15    1.007196762    -0.007170989339    -4.60916049e-16    0.584408928
82.18218218   1.149896338e-15    1.007187902    -0.007162192024    -4.43445173e-16    0.584408928
82.28228228   1.106354095e-15    1.007179063    -0.007153416268    -4.266371972e-16    0.584408928
82.38238238   1.064462209e-15    1.007170246    -0.007144661991    -4.104669421e-16    0.584408928
82.48248248   1.024158062e-15    1.007161451    -0.007135929116    -3.949101856e-16    0.584408928
82.58258258   9.853814183e-16    1.007152677    -0.007127217563    -3.799436266e-16    0.584408928
82.68268268   9.480743278e-16    1.007143924    -0.007118527255    -3.655448501e-16    0.584408928
82.78278278   9.121810415e-16    1.007135193    -0.007109858114    -3.516922934e-16    0.584408928
82.88288288   8.776479277e-16    1.007126483    -0.007101210062    -3.383652134e-16    0.584408928
82.98298298   8.444233913e-16    1.007117795    -0.007092583023    -3.255436559e-16    0.584408928
83.08308308   8.124577963e-16    1.007109128    -0.007083976921    -3.132084251e-16    0.584408928
83.18318318   7.817033917e-16    1.007100481    -0.007075391679    -3.01341055e-16    0.584408928
83.28328328   7.521142393e-16    1.007091856    -0.007066827221    -2.899237814e-16    0.584408928
83.38338338   7.236461453e-16    1.007083252    -0.007058283472    -2.789395156e-16    0.584408928
83.48348348   6.962565936e-16    1.007074668    -0.007049760358    -2.683718182e-16    0.584408928
83.58358358   6.699046824e-16    1.007066106    -0.007041257803    -2.582048748e-16    0.584408928
83.68368368   6.445510624e-16    1.007057564    -0.007032775733    -2.484234719e-16    0.584408928
83.78378378   6.201578783e-16    1.007049042    -0.007024314074    -2.390129742e-16    0.584408928
83.88388388   5.966887116e-16    1.007040542    -0.007015872753    -2.299593026e-16    0.584408928
83.98398398   5.741085263e-16    1.007032061    -0.007007451696    -2.21248913e-16    0.584408928
84.08408408   5.523836161e-16    1.007023601    -0.00699905083    -2.128687761e-16    0.584408928
84.18418418   5.31481554e-16    1.007015162    -0.006990670084    -2.048063574e-16    0.584408928
84.28428428   5.113711439e-16    1.007006743    -0.006982309384    -1.970495988e-16    0.584408928
84.38438438   4.920223736e-16    1.006998343    -0.006973968659    -1.895869004e-16    0.584408928
84.48448448   4.734063695e-16    1.006989964    -0.006965647837    -1.824071029e-16    0.584408928
84.58458458   4.554953542e-16    1.006981605    -0.006957346848    -1.75499471e-16    0.584408928
84.68468468   4.382626041e-16    1.006973266    -0.00694906562    -1.688536771e-16    0.584408928
84.78478478   4.216824095e-16    1.006964947    -0.006940804083    -1.624597861e-16    0.584408928
84.88488488   4.057300365e-16    1.006956648    -0.006932562167    -1.563082401e-16    0.584408928
84.98498498   3.903816895e-16    1.006948368    -0.006924339802    -1.503898444e-16    0.584408928
85.08508509   3.756144756e-16    1.006940109    -0.006916136918    -1.446957534e-16    0.584408928
85.18518519   3.614063707e-16    1.006931868    -0.006907953447    -1.392174574e-16    0.584408928
85.28528529   3.477361859e-16    1.006923648    -0.006899789319    -1.339467702e-16    0.584408928
85.38538539   3.345835364e-16    1.006915446    -0.006891644466    -1.288758161e-16    0.584408928
85.48548549   3.219288104e-16    1.006907265    -0.00688351882    -1.239970187e-16    0.584408928
85.58558559   3.097531403e-16    1.006899102    -0.006875412312    -1.193030893e-16    0.584408928
85.68568569   2.980383739e-16    1.006890959    -0.006867324877    -1.147870158e-16    0.584408928
85.78578579   2.867670476e-16    1.006882835    -0.006859256445    -1.104420525e-16    0.584408928
85.88588589   2.759223603e-16    1.00687473    -0.006851206951    -1.062617098e-16    0.584408928
85.98598599   2.654881478e-16    1.006866644    -0.006843176327    -1.022397444e-16    0.584408928
86.08608609   2.554488591e-16    1.006858578    -0.006835164508    -9.83701501e-17    0.584408928
86.18618619   2.45789533e-16    1.00685053    -0.006827171427    -9.464714871e-17    0.584408928
86.28628629   2.364957754e-16    1.006842501    -0.006819197019    -9.106518138e-17    0.584408928
86.38638639   2.275537382e-16    1.00683449    -0.006811241218    -8.761890024e-17    0.584408928
86.48648649   2.189500985e-16    1.006826499    -0.00680330396    -8.430316046e-17    0.584408928
86.58658659   2.106720383e-16    1.006818526    -0.006795385179    -8.111301247e-17    0.584408928
86.68668669   2.027072257e-16    1.006810572    -0.006787484812    -7.804369455e-17    0.584408928
86.78678679   1.950437963e-16    1.006802636    -0.006779602793    -7.509062571e-17    0.584408928
86.88688689   1.876703357e-16    1.006794719    -0.00677173906    -7.224939883e-17    0.584408928
86.98698699   1.805758621e-16    1.00678682    -0.006763893548    -6.951577401e-17    0.584408928
87.08708709   1.737498098e-16    1.00677894    -0.006756066194    -6.688567228e-17    0.584408928
87.18718719   1.67182014e-16    1.006771078    -0.006748256936    -6.435516942e-17    0.584408928
87.28728729   1.608626949e-16    1.006763234    -0.006740465711    -6.192049014e-17    0.584408928
87.38738739   1.547824435e-16    1.006755408    -0.006732692456    -5.957800239e-17    0.584408928
87.48748749   1.489322075e-16    1.0067476    -0.006724937109    -5.732421191e-17    0.584408928
87.58758759   1.433032775e-16    1.006739811    -0.006717199609    -5.515575705e-17    0.584408928
87.68768769   1.378872745e-16    1.006732039    -0.006709479893    -5.306940365e-17    0.584408928
87.78778779   1.326761368e-16    1.006724285    -0.006701777901    -5.106204029e-17    0.584408928
87.88788789   1.276621082e-16    1.006716549    -0.006694093571    -4.913067355e-17    0.584408928
87.98798799   1.228377266e-16    1.006708831    -0.006686426844    -4.727242357e-17    0.584408928
88.08808809   1.181958125e-16    1.00670113    -0.006678777658    -4.548451973e-17    0.584408928
88.18818819   1.137294585e-16    1.006693448    -0.006671145953    -4.376429652e-17    0.584408928
88.28828829   1.094320189e-16    1.006685782    -0.006663531671    -4.210918951e-17    0.584408928
88.38838839   1.052971e-16    1.006678135    -0.006655934749    -4.051673152e-17    0.584408928
88.48848849   1.013185501e-16    1.006670505    -0.006648355131    -3.898454898e-17    0.584408928
88.58858859   9.749045059e-17    1.006662892    -0.006640792756    -3.751035829e-17    0.584408928
88.68868869   9.380710724e-17    1.006655296    -0.006633247566    -3.60919625e-17    0.584408928
88.78878879   9.02630414e-17    1.006647718    -0.006625719503    -3.472724792e-17    0.584408928
88.88888889   8.685298202e-17    1.006640157    -0.006618208507    -3.341418106e-17    0.584408928
88.98898899   8.357185771e-17    1.006632614    -0.006610714521    -3.215080549e-17    0.584408928
89.08908909   8.041478917e-17    1.006625087    -0.006603237488    -3.0935239e-17    0.584408928
89.18918919   7.737708194e-17    1.006617577    -0.00659577735    -2.976567072e-17    0.584408928
89.28928929   7.445421933e-17    1.006610085    -0.006588334049    -2.864035844e-17    0.584408928
89.38938939   7.164185576e-17    1.006602609    -0.006580907529    -2.755762602e-17    0.584408928
89.48948949   6.893581021e-17    1.006595151    -0.006573497734    -2.651586083e-17    0.584408928
89.58958959   6.633206001e-17    1.006587709    -0.006566104606    -2.551351141e-17    0.584408928
89.68968969   6.382673482e-17    1.006580284    -0.006558728089    -2.454908507e-17    0.584408928
89.78978979   6.141611087e-17    1.006572875    -0.006551368128    -2.362114575e-17    0.584408928
89.88988989   5.909660542e-17    1.006565484    -0.006544024667    -2.272831179e-17    0.584408928
89.98998999   5.686477136e-17    1.006558108    -0.00653669765    -2.18692539e-17    0.584408928
90.09009009   5.471729214e-17    1.00655075    -0.006529387022    -2.104269318e-17    0.584408928
90.19019019   5.265097676e-17    1.006543408    -0.006522092729    -2.024739921e-17    0.584408928
90.29029029   5.066275504e-17    1.006536082    -0.006514814715    -1.948218819e-17    0.584408928
90.39039039   4.874967306e-17    1.006528773    -0.006507552927    -1.874592117e-17    0.584408928
90.49049049   4.690888872e-17    1.00652148    -0.00650030731    -1.803750239e-17    0.584408928
90.59059059   4.513766749e-17    1.006514204    -0.00649307781    -1.735587759e-17    0.584408928
90.69069069   4.343337841e-17    1.006506943    -0.006485864373    -1.670003246e-17    0.584408928
90.79079079   4.179349007e-17    1.006499699    -0.006478666946    -1.606899114e-17    0.584408928
90.89089089   4.021556691e-17    1.006492471    -0.006471485475    -1.546181473e-17    0.584408928
90.99099099   3.869726555e-17    1.006485259    -0.006464319909    -1.487759991e-17    0.584408928
91.09109109   3.723633131e-17    1.006478063    -0.006457170193    -1.431547757e-17    0.584408928
91.19119119   3.583059486e-17    1.006470883    -0.006450036275    -1.377461154e-17    0.584408928
91.29129129   3.447796895e-17    1.006463718    -0.006442918103    -1.325419734e-17    0.584408928
91.39139139   3.317644535e-17    1.00645657    -0.006435815626    -1.275346093e-17    0.584408928
91.49149149   3.192409181e-17    1.006449437    -0.00642872879    -1.227165762e-17    0.584408928
91.59159159   3.071904924e-17    1.006442321    -0.006421657545    -1.180807092e-17    0.584408928
91.69169169   2.955952885e-17    1.006435219    -0.006414601839    -1.136201147e-17    0.584408928
91.79179179   2.84438096e-17    1.006428134    -0.006407561621    -1.093281604e-17    0.584408928
91.89189189   2.737023552e-17    1.006421064    -0.00640053684    -1.051984651e-17    0.584408928
91.99199199   2.633721333e-17    1.00641401    -0.006393527445    -1.012248891e-17    0.584408928
92.09209209   2.534321002e-17    1.006406971    -0.006386533386    -9.740152562e-18    0.584408928
92.19219219   2.438675061e-17    1.006399947    -0.006379554612    -9.372269119e-18    0.584408928
92.29229229   2.346641589e-17    1.006392939    -0.006372591074    -9.018291777e-18    0.584408928
92.39239239   2.258084037e-17    1.006385946    -0.006365642721    -8.677694435e-18    0.584408928
92.49249249   2.172871019e-17    1.006378969    -0.006358709504    -8.34997091e-18    0.584408928
92.59259259   2.090876123e-17    1.006372007    -0.006351791374    -8.03463419e-18    0.584408928
92.69269269   2.011977717e-17    1.00636506    -0.006344888281    -7.7312157e-18    0.584408928
92.79279279   1.936058769e-17    1.006358128    -0.006338000177    -7.439264608e-18    0.584408928
92.89289289   1.863006677e-17    1.006351211    -0.006331127012    -7.15834715e-18    0.584408928
92.99299299   1.792713095e-17    1.006344309    -0.006324268739    -6.888045984e-18    0.584408928
93.09309309   1.725073777e-17    1.006337422    -0.006317425308    -6.627959568e-18    0.584408928
93.19319319   1.659988419e-17    1.00633055    -0.006310596672    -6.377701562e-18    0.584408928
93.29329329   1.597360511e-17    1.006323693    -0.006303782782    -6.13690025e-18    0.584408928
93.39339339   1.537097194e-17    1.006316851    -0.006296983591    -5.905197985e-18    0.584408928
93.49349349   1.479109119e-17    1.006310024    -0.006290199052    -5.682250662e-18    0.584408928
93.59359359   1.423310316e-17    1.006303211    -0.006283429117    -5.467727198e-18    0.584408928
93.69369369   1.369618067e-17    1.006296413    -0.006276673739    -5.261309041e-18    0.584408928
93.79379379   1.317952783e-17    1.00628963    -0.006269932871    -5.062689698e-18    0.584408928
93.89389389   1.268237881e-17    1.006282861    -0.006263206467    -4.871574273e-18    0.584408928
93.99399399   1.220399678e-17    1.006276107    -0.006256494479    -4.687679033e-18    0.584408928
94.09409409   1.174367274e-17    1.006269368    -0.006249796863    -4.510730981e-18    0.584408928
94.19419419   1.130072451e-17    1.006262642    -0.00624311357    -4.340467451e-18    0.584408928
94.29429429   1.087449569e-17    1.006255932    -0.006236444557    -4.176635719e-18    0.584408928
94.39439439   1.046435471e-17    1.006249235    -0.006229789776    -4.01899262e-18    0.584408928
94.49449449   1.006969388e-17    1.006242553    -0.006223149183    -3.867304195e-18    0.584408928
94.59459459   9.689928473e-18    1.006235885    -0.006216522731    -3.721345333e-18    0.584408928
94.69469469   9.324495863e-18    1.006229232    -0.006209910377    -3.580899443e-18    0.584408928
94.79479479   8.972854701e-18    1.006222592    -0.006203312075    -3.445758127e-18    0.584408928
94.89489489   8.634484099e-18    1.006215967    -0.00619672778    -3.315720873e-18    0.584408928
94.99499499   8.308882858e-18    1.006209356    -0.006190157447    -3.190594754e-18    0.584408928
95.0950951   7.995568723e-18    1.006202759    -0.006183601033    -3.070194141e-18    0.584408928
95.1951952   7.694077668e-18    1.006196176    -0.006177058494    -2.954340429e-18    0.584408928
95.2952953   7.403963204e-18    1.006189607    -0.006170529784    -2.842861767e-18    0.584408928
95.3953954   7.124795717e-18    1.006183051    -0.006164014861    -2.735592807e-18    0.584408928
95.4954955   6.856161828e-18    1.00617651    -0.00615751368    -2.632374452e-18    0.584408928
95.5955956   6.597663783e-18    1.006169983    -0.006151026199    -2.533053626e-18    0.584408928
95.6956957   6.348918858e-18    1.006163469    -0.006144552374    -2.437483042e-18    0.584408928
95.7957958   6.109558791e-18    1.006156969    -0.006138092161    -2.345520983e-18    0.584408928
95.8958959   5.879229239e-18    1.006150483    -0.006131645519    -2.257031091e-18    0.584408928
95.995996   5.657589244e-18    1.00614401    -0.006125212405    -2.171882166e-18    0.584408928
96.0960961   5.444310734e-18    1.006137551    -0.006118792775    -2.089947971e-18    0.584408928
96.1961962   5.239078035e-18    1.006131105    -0.006112386587    -2.011107039e-18    0.584408928
96.2962963   5.041587395e-18    1.006124673    -0.0061059938    -1.935242501e-18    0.584408928
96.3963964   4.851546543e-18    1.006118255    -0.006099614371    -1.862241902e-18    0.584408928
96.4964965   4.668674248e-18    1.00611185    -0.006093248259    -1.791997045e-18    0.584408928
96.5965966   4.492699904e-18    1.006105458    -0.006086895421    -1.724403819e-18    0.584408928
96.6966967   4.323363129e-18    1.00609908    -0.006080555817    -1.659362052e-18    0.584408928
96.7967968   4.160413375e-18    1.006092715    -0.006074229405    -1.59677536e-18    0.584408928
96.8968969   4.003609563e-18    1.006086363    -0.006067916143    -1.536551e-18    0.584408928
96.996997   3.852719715e-18    1.006080025    -0.006061615992    -1.478599738e-18    0.584408928
97.0970971   3.707520622e-18    1.006073699    -0.00605532891    -1.422835713e-18    0.584408928
97.1971972   3.5677975e-18    1.006067387    -0.006049054856    -1.369176309e-18    0.584408928
97.2972973   3.433343682e-18    1.006061088    -0.00604279379    -1.317542033e-18    0.584408928
97.3973974   3.303960305e-18    1.006054802    -0.006036545672    -1.267856398e-18    0.584408928
97.4974975   3.179456016e-18    1.006048529    -0.006030310462    -1.220045808e-18    0.584408928
97.5975976   3.059646692e-18    1.006042269    -0.00602408812    -1.174039447e-18    0.584408928
97.6976977   2.944355159e-18    1.006036022    -0.006017878605    -1.129769179e-18    0.584408928
97.7977978   2.833410939e-18    1.006029788    -0.006011681879    -1.087169439e-18    0.584408928
97.8978979   2.726649987e-18    1.006023567    -0.006005497901    -1.046177144e-18    0.584408928
97.997998   2.623914458e-18    1.006017359    -0.005999326633    -1.006731593e-18    0.584408928
98.0980981   2.525052462e-18    1.006011163    -0.005993168035    -9.687743788e-19    0.584408928
98.1981982   2.42991785e-18    1.00600498    -0.005987022069    -9.322493028e-19    0.584408928
98.2982983   2.338369986e-18    1.00599881    -0.005980888695    -8.971022893e-19    0.584408928
98.3983984   2.250273549e-18    1.005992652    -0.005974767875    -8.63281306e-19    0.584408928
98.4984985   2.165498323e-18    1.005986508    -0.005968659571    -8.30736287e-19    0.584408928
98.5985986   2.083919012e-18    1.005980375    -0.005962563743    -7.994190582e-19    0.584408928
98.6986987   2.005415049e-18    1.005974255    -0.005956480355    -7.692832654e-19    0.584408928
98.7987988   1.929870418e-18    1.005968148    -0.005950409367    -7.402843063e-19    0.584408928
98.8988989   1.857173484e-18    1.005962053    -0.005944350742    -7.123792634e-19    0.584408928
98.998999   1.787216826e-18    1.005955971    -0.005938304442    -6.85526841e-19    0.584408928
99.0990991   1.719897079e-18    1.005949901    -0.00593227043    -6.596873032e-19    0.584408928
99.1991992   1.655114777e-18    1.005943844    -0.005926248669    -6.348224154e-19    0.584408928
99.2992993   1.592774212e-18    1.005937798    -0.00592023912    -6.108953876e-19    0.584408928
99.3993994   1.532783287e-18    1.005931765    -0.005914241747    -5.878708194e-19    0.584408928
99.4994995   1.475053382e-18    1.005925745    -0.005908256513    -5.657146475e-19    0.584408928
99.5995996   1.419499221e-18    1.005919736    -0.005902283381    -5.443940957e-19    0.584408928
99.6996997   1.366038747e-18    1.00591374    -0.005896322314    -5.238776255e-19    0.584408928
99.7997998   1.314593e-18    1.005907756    -0.005890373276    -5.041348897e-19    0.584408928
99.8998999   1.265086e-18    1.005901784    -0.005884436231    -4.851366876e-19    0.584408928
100   1.217444634e-18    1.005895823    -0.005878511142    -4.66854921e-19    0.584408928
