0.1001001001   0.08404178122    0.119224898    1.091355465    0.03994866481    -0.005751670272
0.2002002002   0.1681024174    0.2384119008    1.091268743    0.03989948528    -0.005718600799
0.3003003003   0.2522006578    0.3575234618    1.09112472    0.0397965907    -0.005660624313
0.4004004004   0.3363551647    0.4765225653    1.090923978    0.03964912132    -0.005572721518
0.5005005005   0.4205844203    0.5953730564    1.090667397    0.03945919781    -0.005460535713
0.6006006006   0.5049066637    0.7140398892    1.090356102    0.03922821589    -0.005325386782
0.7007007007   0.5893398324    0.8324894184    1.089991445    0.0389575032    -0.005169221431
0.8008008008   0.6739015038    0.9506896011    1.089574993    0.03864846464    -0.004993791736
0.9009009009   0.7586088378    1.068610189    1.089108503    0.03830261828    -0.004800882765
1.001001001   0.8434785219    1.186222909    1.088593908    0.03792160186    -0.004592479118
1.101101101   0.9285267165    1.3035016    1.088033297    0.03750716583    -0.004370686299
1.201201201   1.013769004    1.420422317    1.087428891    0.03706116021    -0.004137260338
1.301301301   1.099220338    1.536963496    1.086783029    0.036585522    -0.003894740036
1.401401401   1.184894996    1.653105921    1.086098142    0.03608225488    -0.00364508279
1.501501502   1.270806539    1.76883278    1.085376731    0.03555341322    -0.003390346583
1.601601602   1.356967763    1.884129666    1.084621349    0.03500108514    -0.003132518354
1.701701702   1.443390669    1.998984551    1.083834579    0.03442737591    -0.002873531583
1.801801802   1.530086422    2.113387716    1.083019016    0.03383439207    -0.002615028771
1.901901902   1.617065327    2.227331752    1.08217725    0.03322422732    -0.002358799028
2.002002002   1.7043368    2.340811416    1.081311849    0.03259894812    -0.002106327112
2.102102102   1.791909346    2.453823531    1.080425343    0.03196058149    -0.001858958473
2.202202202   1.879790545    2.566366885    1.079520209    0.03131110411    -0.001617898497
2.302302302   1.967987039    2.6784421    1.078598865    0.03065243266    -0.001384197691
2.402402402   2.056504523    2.790051506    1.07766365    0.02998641553    -0.001158753093
2.502502503   2.145347747    2.901199003    1.076716825    0.0293148259    -0.0009422821383
2.602602603   2.234520519    3.011889911    1.075760559    0.02863935651    -0.000735463561
2.702702703   2.324025712    3.122130866    1.074796923    0.02796161401    -0.0005387146242
2.802802803   2.413865277    3.23192965    1.073827888    0.02728311668    -0.0003523759558
2.902902903   2.504040265    3.341295061    1.072855324    0.02660529218    -0.0001766736574
3.003003003   2.594550847    3.450236781    1.071880988    0.02592947623    -1.17219075e-05
3.103103103   2.685396343    3.558765257    1.070906536    0.02525691235    0.0001424618564
3.203203203   2.776575254    3.666891574    1.069933511    0.02458875232    0.0002859462678
3.303303303   2.8680853    3.774627346    1.068963351    0.02392605738    0.0004188755028
3.403403403   2.959923455    3.881984607    1.067997388    0.02326979997    0.000541459067
3.503503504   3.052085992    3.988975713    1.067036851    0.02262086604    0.0006539620322
3.603603604   3.144568527    4.095613248    1.066082866    0.02198005775    0.0007566958253
3.703703704   3.237366068    4.201909947    1.065136464    0.02134809653    0.0008500392565
3.803803804   3.330473062    4.307878612    1.064198578    0.02072562668    0.0009342984392
3.903903904   3.423883443    4.413532048    1.063270055    0.02011321819    0.001009911906
4.004004004   3.517590688    4.518883001    1.062351651    0.01951137079    0.001077323417
4.104104104   3.611587861    4.623944101    1.061444042    0.01892051798    0.001136942283
4.204204204   3.705867671    4.728727815    1.060547825    0.01834103065    0.001189201964
4.304304304   3.800422515    4.833246409    1.059663523    0.01777322091    0.001234536714
4.404404404   3.89524453    4.937511907    1.058791592    0.01721734588    0.001273377735
4.504504505   3.990325643    5.041536062    1.057932421    0.01667361144    0.001306149916
4.604604605   4.08565761    5.145330331    1.057086336    0.01614217587    0.001333269091
4.704704705   4.181232066    5.248905856    1.056253612    0.0156231534    0.001355139782
4.804804805   4.277040565    5.352273443    1.055434465    0.01511661768    0.001372153385
4.904904905   4.373074618    5.455443552    1.054629068    0.01462260502    0.00138468674
5.005005005   4.469325727    5.558426287    1.053837546    0.01414111762    0.001393101053
5.105105105   4.565785426    5.66123139    1.053059982    0.01367212653    0.001397741126
5.205205205   4.662445306    5.763868236    1.052296424    0.01321557455    0.001398934855
5.305305305   4.759297046    5.866345832    1.051546883    0.01277137891    0.001396992959
5.405405405   4.856332436    5.968672819    1.05081134    0.01233943385    0.001392208906
5.505505506   4.953543406    6.070857476    1.050089747    0.011919613    0.001384859009
5.605605606   5.050922038    6.172907719    1.04938203    0.01151177167    0.001375202664
5.705705706   5.148460591    6.274831113    1.048688093    0.01111574889    0.0013634827
5.805805806   5.246151511    6.376634876    1.048007818    0.01073136945    0.001349925828
5.905905906   5.343987447    6.478325886    1.047341069    0.01035844566    0.001334743157
6.006006006   5.441961261    6.579910692    1.046687695    0.009996779073    0.001318130774
6.106106106   5.540066035    6.681395522    1.046047528    0.009646162049    0.001300270364
6.206206206   5.63829508    6.782786293    1.04542039    0.009306379186    0.001281329858
6.306306306   5.736641937    6.884088622    1.044806091    0.008977208658    0.001261464104
6.406406406   5.835100386    6.985307834    1.044204431    0.008658423429    0.001240815538
6.506506507   5.933664441    7.086448978    1.043615205    0.008349792372    0.00121951487
6.606606607   6.032328356    7.187516831    1.043038199    0.008051081288    0.001197681749
6.706706707   6.131086619    7.288515914    1.042473193    0.00776205383    0.001175425432
6.806806807   6.229933954    7.3894505    1.041919965    0.007482472351    0.001152845426
6.906906907   6.328865317    7.490324628    1.041378288    0.007212098664    0.001130032119
7.007007007   6.42787589    7.591142107    1.040847935    0.006950694734    0.001107067384
7.107107107   6.526961081    7.691906535    1.040328674    0.006698023293    0.001084025165
7.207207207   6.626116512    7.7926213    1.039820275    0.006453848396    0.001060972038
7.307307307   6.725338022    7.893289599    1.039322508    0.006217935921    0.001037967736
7.407407407   6.824621653    7.993914439    1.03883514    0.005990054002    0.001015065664
7.507507508   6.923963648    8.094498652    1.038357944    0.005769973424    0.0009923133755
7.607607608   7.023360445    8.195044902    1.037890691    0.005557467965    0.0009697530254
7.707707708   7.122808667    8.295555695    1.037433155    0.005352314689    0.0009474217989
7.807807808   7.222305117    8.396033383    1.036985112    0.005154294214    0.0009253523132
7.907907908   7.321846771    8.496480178    1.03654634    0.004963190927    0.0009035729947
8.008008008   7.421430773    8.596898155    1.036116623    0.004778793177    0.0008821084321
8.108108108   7.521054422    8.697289264    1.035695745    0.004600893435    0.0008609797054
8.208208208   7.620715171    8.797655332    1.035283493    0.004429288422    0.000840204695
8.308308308   7.720410619    8.897998072    1.034879661    0.004263779215    0.0008197983664
8.408408408   7.820138502    8.998319091    1.034484043    0.004104171334    0.0007997730371
8.508508509   7.919896689    9.098619892    1.034096438    0.003950274797    0.0007801386233
8.608608609   8.019683172    9.198901887    1.033716651    0.003801904169    0.0007609028684
8.708708709   8.119496066    9.299166392    1.033344488    0.003658878584    0.0007420715541
8.808808809   8.219333596    9.399414645    1.03297976    0.003521021757    0.0007236486962
8.908908909   8.319194096    9.499647798    1.032622284    0.003388161982    0.0007056367244
9.009009009   8.419076002    9.599866933    1.032271878    0.003260132115    0.0006880366482
9.109109109   8.518977845    9.700073058    1.031928366    0.003136769549    0.0006708482088
9.209209209   8.618898247    9.800267117    1.031591576    0.003017916176    0.0006540700199
9.309309309   8.718835918    9.900449991    1.03126134    0.002903418345    0.0006376996954
9.409409409   8.818789648    10.0006225    1.030937493    0.002793126808    0.0006217339675
9.50950951   8.918758303    10.10078542    1.030619877    0.002686896663    0.0006061687935
9.60960961   9.018740823    10.20093946    1.030308334    0.002584587286    0.0005909994545
9.70970971   9.118736215    10.30108529    1.030002713    0.002486062267    0.0005762206444
9.80980981   9.21874355    10.40122354    1.029702866    0.002391189329    0.0005618265514
9.90990991   9.31876196    10.50135478    1.029408648    0.00229984026    0.0005478109324
10.01001001   9.418790634    10.60147956    1.029119919    0.002211890824    0.0005341671795
10.11011011   9.518828813    10.70159839    1.028836543    0.002127220683    0.0005208883809
10.21021021   9.61887579    10.80171172    1.028558386    0.002045713313    0.0005079673762
10.31031031   9.718930904    10.90182    1.028285319    0.001967255914    0.0004953968057
10.41041041   9.818993539    11.00192365    1.028017216    0.001891739328    0.000483169155
10.51051051   9.91906312    11.10202302    1.027753954    0.001819057945    0.0004712767953
10.61061061   10.01913911    11.20211848    1.027495415    0.001749109622    0.0004597120191
10.71071071   10.11922101    11.30221036    1.027241481    0.001681795586    0.0004484670723
10.81081081   10.21930835    11.40229896    1.026992042    0.001617020354    0.000437534183
10.91091091   10.31940071    11.50238456    1.026746986    0.00155469164    0.0004269055872
11.01101101   10.41949767    11.60246742    1.026506208    0.001494720267    0.0004165735502
11.11111111   10.51959887    11.70254779    1.026269604    0.001437020085    0.0004065303881
11.21121121   10.61970394    11.80262589    1.026037074    0.001381507881    0.0003967684836
11.31131131   10.71981258    11.90270194    1.025808519    0.001328103295    0.0003872803024
11.41141141   10.81992446    12.00277612    1.025583845    0.00127672874    0.0003780584056
11.51151151   10.92003933    12.10284862    1.025362959    0.001227309314    0.0003690954619
11.61161161   11.02015691    12.20291961    1.025145771    0.001179772724    0.0003603842566
11.71171171   11.12027696    12.30298923    1.024932195    0.001134049206    0.0003519177002
11.81181181   11.22039926    12.40305764    1.024722144    0.001090071445    0.0003436888352
11.91191191   11.3205236    12.50312496    1.024515538    0.001047774498    0.0003356908421
12.01201201   11.42064978    12.60319132    1.024312295    0.001007095724    0.0003279170433
12.11211211   11.52077763    12.70325682    1.024112337    0.0009679747082    0.0003203609079
12.21221221   11.62090699    12.80332158    1.02391559    0.000930353188    0.0003130160528
12.31231231   11.72103769    12.90338569    1.023721979    0.0008941749879    0.0003058762462
12.41241241   11.8211696    13.00344923    1.023531433    0.0008593859491    0.0002989354079
12.51251251   11.92130259    13.1035123    1.023343883    0.0008259338638    0.0002921876103
12.61261261   12.02143653    13.20357496    1.02315926    0.0007937684104    0.0002856270783
12.71271271   12.12157131    13.30363728    1.022977499    0.0007628410911    0.0002792481888
12.81281281   12.22170683    13.40369933    1.022798536    0.0007331051701    0.0002730454703
12.91291291   12.321843    13.50376117    1.02262231    0.000704515615    0.0002670136011
13.01301301   12.42197971    13.60382285    1.022448758    0.0006770290382    0.0002611474078
13.11311311   12.5221169    13.70388441    1.022277824    0.0006506036413    0.0002554418641
13.21321321   12.62225449    13.80394591    1.022109448    0.0006251991601    0.0002498920876
13.31331331   12.72239241    13.90400739    1.021943577    0.0006007768123    0.0002444933385
13.41341341   12.8225306    14.00406888    1.021780156    0.0005772992455    0.0002392410165
13.51351351   12.922669    14.10413041    1.021619132    0.0005547304878    0.0002341306584
13.61361361   13.02280755    14.20419202    1.021460454    0.0005330358996    0.0002291579353
13.71371371   13.1229462    14.30425374    1.021304072    0.0005121821262    0.0002243186497
13.81381381   13.22308492    14.4043156    1.021149937    0.0004921370534    0.0002196087325
13.91391391   13.32322366    14.50437761    1.020998003    0.0004728697628    0.0002150242403
14.01401401   13.42336239    14.60443979    1.020848224    0.0004543504898    0.0002105613517
14.11411411   13.52350106    14.70450218    1.020700555    0.0004365505821    0.000206216365
14.21421421   13.62363965    14.80456477    1.020554952    0.0004194424603    0.0002019856949
14.31431431   13.72377814    14.9046276    1.020411372    0.0004029995791    0.0001978658688
14.41441441   13.82391648    15.00469067    1.020269776    0.0003871963899    0.0001938535243
14.51451451   13.92405467    15.10475399    1.020130121    0.0003720083055    0.0001899454065
14.61461461   14.02419268    15.20481758    1.01999237    0.0003574116644    0.000186138364
14.71471471   14.12433049    15.30488145    1.019856485    0.0003433836978    0.0001824293467
14.81481481   14.22446808    15.40494559    1.019722427    0.0003299024969    0.0001788154021
14.91491491   14.32460545    15.50501003    1.019590161    0.0003169469814    0.0001752936735
15.01501502   14.42474257    15.60507477    1.019459651    0.0003044968694    0.0001718613956
15.11511512   14.52487943    15.70513981    1.019330863    0.0002925326478    0.0001685158932
15.21521522   14.62501603    15.80520516    1.019203764    0.0002810355444    0.0001652545773
15.31531532   14.72515235    15.90527082    1.019078321    0.0002699875003    0.000162074943
15.41541542   14.82528838    16.00533679    1.018954502    0.0002593711435    0.0001589745667
15.51551552   14.92542412    16.10540308    1.018832275    0.0002491697641    0.0001559511034
15.61561562   15.02555957    16.20546969    1.018711611    0.0002393672888    0.0001530022843
15.71571572   15.12569471    16.30553662    1.018592481    0.0002299482581    0.0001501259143
15.81581582   15.22582954    16.40560387    1.018474855    0.0002208978029    0.0001473198697
15.91591592   15.32596406    16.50567144    1.018358704    0.0002122016229    0.0001445820954
16.01601602   15.42609826    16.60573933    1.018244003    0.0002038459648    0.0001419106034
16.11611612   15.52623215    16.70580754    1.018130723    0.0001958176026    0.0001393034701
16.21621622   15.62636572    16.80587607    1.01801884    0.0001881038171    0.000136758834
16.31631632   15.72649897    16.90594492    1.017908326    0.0001806923775    0.000134274894
16.41641642   15.8266319    17.00601409    1.017799158    0.0001735715225    0.0001318499074
16.51651652   15.9267645    17.10608357    1.017691311    0.0001667299432    0.0001294821875
16.61661662   16.02689679    17.20615337    1.017584762    0.0001601567653    0.0001271701021
16.71671672   16.12702875    17.30622348    1.017479487    0.0001538415336    0.0001249120716
16.81681682   16.22716039    17.4062939    1.017375463    0.0001477741955    0.0001227065671
16.91691692   16.32729172    17.50636462    1.017272669    0.0001419450858    0.0001205521087
17.01701702   16.42742273    17.60643565    1.017171083    0.0001363449126    0.000118447264
17.11711712   16.52755342    17.70650698    1.017070684    0.0001309647424    0.0001163906461
17.21721722   16.6276838    17.80657862    1.016971451    0.0001257959869    0.0001143809126
17.31731732   16.72781386    17.90665054    1.016873364    0.00012083039    0.0001124167636
17.41741742   16.82794362    18.00672276    1.016776404    0.0001160600146    0.0001104969405
17.51751752   16.92807307    18.10679528    1.01668055    0.0001114772312    0.0001086202246
17.61761762   17.02820221    18.20686807    1.016585786    0.0001070747056    0.0001067854354
17.71771772   17.12833105    18.30694116    1.016492091    0.0001028453878    0.0001049914299
17.81781782   17.2284596    18.40701452    1.016399448    9.878250109e-05    0.0001032371006
17.91791792   17.32858785    18.50708816    1.016307839    9.487953186e-05    0.0001015213751
18.01801802   17.4287158    18.60716208    1.016217248    9.113021918e-05    9.98432141e-05
18.11811812   17.52884346    18.70723627    1.016127657    8.75285453e-05    9.820161075e-05
18.21821822   17.62897084    18.80731072    1.016039051    8.406872631e-05    9.659558945e-05
18.31831832   17.72909793    18.90738544    1.015951412    8.074520313e-05    9.502420475e-05
18.41841842   17.82922474    19.00746043    1.015864725    7.755263292e-05    9.348654043e-05
18.51851852   17.92935128    19.10753567    1.015778975    7.448588071e-05    9.198170828e-05
18.61861862   18.02947754    19.20761116    1.015694147    7.154001148e-05    9.050884724e-05
18.71871872   18.12960353    19.30768691    1.015610225    6.871028237e-05    8.906712286e-05
18.81881882   18.22972925    19.4077629    1.015527196    6.599213536e-05    8.765572564e-05
18.91891892   18.3298547    19.50783914    1.015445045    6.33811901e-05    8.627387093e-05
19.01901902   18.4299799    19.60791562    1.015363759    6.087323707e-05    8.492079757e-05
19.11911912   18.53010483    19.70799234    1.015283324    5.846423097e-05    8.359576758e-05
19.21921922   18.63022952    19.8080693    1.015203726    5.61502844e-05    8.229806466e-05
19.31931932   18.73035395    19.90814649    1.015124953    5.392766174e-05    8.102699447e-05
19.41941942   18.83047813    20.00822391    1.015046992    5.179277329e-05    7.978188291e-05
19.51951952   18.93060207    20.10830155    1.01496983    4.97421696e-05    7.856207604e-05
19.61961962   19.03072576    20.20837942    1.014893456    4.777253607e-05    7.736693932e-05
19.71971972   19.13084922    20.30845751    1.014817856    4.588068771e-05    7.619585662e-05
19.81981982   19.23097244    20.40853581    1.014743021    4.406356411e-05    7.504823035e-05
19.91991992   19.33109543    20.50861433    1.014668937    4.231822461e-05    7.39234798e-05
20.02002002   19.43121819    20.60869306    1.014595594    4.064184368e-05    7.282104166e-05
20.12012012   19.53134072    20.708772    1.01452298    3.903170638e-05    7.174036872e-05
20.22022022   19.63146304    20.80885115    1.014451086    3.748520416e-05    7.068092959e-05
20.32032032   19.73158513    20.9089305    1.014379899    3.599983065e-05    6.964220817e-05
20.42042042   19.831707    21.00901005    1.014309411    3.45731777e-05    6.862370324e-05
20.52052052   19.93182866    21.10908979    1.01423961    3.32029316e-05    6.762492775e-05
20.62062062   20.03195011    21.20916974    1.014170486    3.188686934e-05    6.664540872e-05
20.72072072   20.13207135    21.30924987    1.014102031    3.062285514e-05    6.568468614e-05
20.82082082   20.23219238    21.40933019    1.014034233    2.940883701e-05    6.474231358e-05
20.92092092   20.33231322    21.5094107    1.013967084    2.82428435e-05    6.381785664e-05
21.02102102   20.43243385    21.6094914    1.013900575    2.712298056e-05    6.29108933e-05
21.12112112   20.53255428    21.70957227    1.013834696    2.604742851e-05    6.202101328e-05
21.22122122   20.63267452    21.80965333    1.013769439    2.501443915e-05    6.114781773e-05
21.32132132   20.73279457    21.90973456    1.013704794    2.402233298e-05    6.029091873e-05
21.42142142   20.83291443    22.00981597    1.013640754    2.306949649e-05    5.94499391e-05
21.52152152   20.9330341    22.10989755    1.013577309    2.21543796e-05    5.862451209e-05
21.62162162   21.03315359    22.2099793    1.013514451    2.127549316e-05    5.781428069e-05
21.72172172   21.13327289    22.31006122    1.013452173    2.043140662e-05    5.701889805e-05
21.82182182   21.23339202    22.41014331    1.013390466    1.962074567e-05    5.623802627e-05
21.92192192   21.33351097    22.51022556    1.013329323    1.884219009e-05    5.547133689e-05
22.02202202   21.43362974    22.61030797    1.013268735    1.809447161e-05    5.471851008e-05
22.12212212   21.53374834    22.71039053    1.013208696    1.737637188e-05    5.39792347e-05
22.22222222   21.63386677    22.81047326    1.013149198    1.668672052e-05    5.325320782e-05
22.32232232   21.73398504    22.91055614    1.013090233    1.602439323e-05    5.254013461e-05
22.42242242   21.83410314    23.01063917    1.013031795    1.538831002e-05    5.183972809e-05
22.52252252   21.93422107    23.11072236    1.012973876    1.477743341e-05    5.115170861e-05
22.62262262   22.03433884    23.21080569    1.012916469    1.419076682e-05    5.047580416e-05
22.72272272   22.13445646    23.31088918    1.012859569    1.362735294e-05    4.981174969e-05
22.82282282   22.23457392    23.4109728    1.012803167    1.30862722e-05    4.915928694e-05
22.92292292   22.33469122    23.51105657    1.012747258    1.256664128e-05    4.851816458e-05
23.02302302   22.43480837    23.61114048    1.012691836    1.206761168e-05    4.788813757e-05
23.12312312   22.53492537    23.71122453    1.012636893    1.158836838e-05    4.726896732e-05
23.22322322   22.63504222    23.81130872    1.012582424    1.11281285e-05    4.666042124e-05
23.32332332   22.73515893    23.91139305    1.012528422    1.068614005e-05    4.606227265e-05
23.42342342   22.83527548    24.01147751    1.012474882    1.026168072e-05    4.547430079e-05
23.52352352   22.9353919    24.1115621    1.012421797    9.85405668e-06    4.489629037e-05
23.62362362   23.03550817    24.21164683    1.012369162    9.462601519e-06    4.432803146e-05
23.72372372   23.13562431    24.31173168    1.012316972    9.086675116e-06    4.376931958e-05
23.82382382   23.2357403    24.41181666    1.01226522    8.72566263e-06    4.321995522e-05
23.92392392   23.33585616    24.51190177    1.012213901    8.378973499e-06    4.267974386e-05
24.02402402   23.43597189    24.611987    1.01216301    8.046040487e-06    4.214849587e-05
24.12412412   23.53608748    24.71207236    1.012112541    7.726318765e-06    4.162602623e-05
24.22422422   23.63620294    24.81215783    1.012062489    7.419285028e-06    4.111215458e-05
24.32432432   23.73631828    24.91224343    1.01201285    7.12443665e-06    4.060670479e-05
24.42442442   23.83643348    25.01232915    1.011963617    6.841290868e-06    4.010950522e-05
24.52452452   23.93654856    25.11241498    1.011914786    6.569383999e-06    3.962038834e-05
24.62462462   24.03666352    25.21250093    1.011866352    6.308270692e-06    3.913919062e-05
24.72472472   24.13677835    25.31258699    1.01181831    6.0575232e-06    3.866575257e-05
24.82482482   24.23689306    25.41267317    1.011770655    5.81673069e-06    3.819991848e-05
24.92492492   24.33700765    25.51275946    1.011723384    5.585498579e-06    3.77415364e-05
25.02502503   24.43712212    25.61284586    1.01167649    5.363447885e-06    3.729045795e-05
25.12512513   24.53723647    25.71293237    1.01162997    5.15021462e-06    3.684653829e-05
25.22522523   24.63735071    25.81301898    1.01158382    4.945449194e-06    3.64096361e-05
25.32532533   24.73746484    25.9131057    1.011538034    4.74881585e-06    3.597961324e-05
25.42542543   24.83757885    26.01319253    1.011492608    4.559992116e-06    3.555633496e-05
25.52552553   24.93769275    26.11327946    1.011447539    4.378668281e-06    3.513966957e-05
25.62562563   25.03780653    26.2133665    1.011402822    4.204546893e-06    3.472948845e-05
25.72572573   25.13792022    26.31345363    1.011358453    4.037342275e-06    3.432566602e-05
25.82582583   25.23803379    26.41354087    1.011314428    3.876780057e-06    3.392807957e-05
25.92592593   25.33814725    26.51362821    1.011270743    3.722596734e-06    3.35366093e-05
26.02602603   25.43826061    26.61371564    1.011227394    3.574539234e-06    3.315113788e-05
26.12612613   25.53837387    26.71380317    1.011184378    3.432364507e-06    3.277155117e-05
26.22622623   25.63848703    26.8138908    1.011141689    3.295839128e-06    3.239773701e-05
26.32632633   25.73860008    26.91397852    1.011099325    3.164738919e-06    3.202958641e-05
26.42642643   25.83871303    27.01406633    1.011057282    3.038848582e-06    3.166699229e-05
26.52652653   25.93882588    27.11415424    1.011015557    2.917961348e-06    3.130985035e-05
26.62662663   26.03893864    27.21424224    1.010974145    2.801878642e-06    3.095805858e-05
26.72672673   26.1390513    27.31433033    1.010933043    2.690409754e-06    3.061151706e-05
26.82682683   26.23916386    27.41441851    1.010892248    2.583371534e-06    3.027012827e-05
26.92692693   26.33927633    27.51450678    1.010851757    2.480588091e-06    2.993379685e-05
27.02702703   26.4393887    27.61459514    1.010811565    2.381890504e-06    2.960242951e-05
27.12712713   26.53950098    27.71468358    1.01077167    2.287116549e-06    2.927593493e-05
27.22722723   26.63961317    27.81477211    1.010732068    2.196110432e-06    2.8954224e-05
27.32732733   26.73972527    27.91486072    1.010692757    2.108722537e-06    2.863720934e-05
27.42742743   26.83983728    28.01494942    1.010653732    2.024809179e-06    2.832480566e-05
27.52752753   26.93994921    28.1150382    1.010614991    1.944232371e-06    2.801692938e-05
27.62762763   27.04006104    28.21512706    1.010576531    1.866859599e-06    2.771349882e-05
27.72772773   27.14017279    28.315216    1.010538349    1.792563602e-06    2.7414434e-05
27.82782783   27.24028445    28.41530503    1.010500441    1.721222169e-06    2.71196568e-05
27.92792793   27.34039603    28.51539413    1.010462805    1.652717937e-06    2.682909045e-05
28.02802803   27.44050752    28.61548331    1.010425438    1.586938196e-06    2.654266033e-05
28.12812813   27.54061893    28.71557257    1.010388337    1.523774709e-06    2.626029282e-05
28.22822823   27.64073026    28.81566191    1.010351499    1.463123534e-06    2.598191633e-05
28.32832833   27.74084151    28.91575132    1.010314921    1.404884854e-06    2.570746054e-05
28.42842843   27.84095268    29.01584081    1.010278601    1.348962809e-06    2.543685665e-05
28.52852853   27.94106376    29.11593037    1.010242535    1.295265348e-06    2.517003742e-05
28.62862863   28.04117477    29.21602    1.010206722    1.24370407e-06    2.490693678e-05
28.72872873   28.14128571    29.31610971    1.010171159    1.194194084e-06    2.464749036e-05
28.82882883   28.24139656    29.41619949    1.010135842    1.146653869e-06    2.439163471e-05
28.92892893   28.34150734    29.51628934    1.01010077    1.101005139e-06    2.413930812e-05
29.02902903   28.44161804    29.61637927    1.01006594    1.057172717e-06    2.38904499e-05
29.12912913   28.54172867    29.71646926    1.010031349    1.01508441e-06    2.364500062e-05
29.22922923   28.64183923    29.81655932    1.009996995    9.746708907e-07    2.340290217e-05
29.32932933   28.74194971    29.91664945    1.009962876    9.358655866e-07    2.316409748e-05
29.42942943   28.84206012    30.01673965    1.009928988    8.986045674e-07    2.292853084e-05
29.52952953   28.94217046    30.11682991    1.009895331    8.628264419e-07    2.269614752e-05
29.62962963   29.04228073    30.21692025    1.009861901    8.284722571e-07    2.246689383e-05
29.72972973   29.14239093    30.31701064    1.009828696    7.954854018e-07    2.224071741e-05
29.82982983   29.24250106    30.41710111    1.009795713    7.638115132e-07    2.201756671e-05
29.92992993   29.34261113    30.51719163    1.009762952    7.333983881e-07    2.179739135e-05
30.03003003   29.44272112    30.61728222    1.009730409    7.041958971e-07    2.158014185e-05
30.13013013   29.54283105    30.71737288    1.009698082    6.761559024e-07    2.136576984e-05
30.23023023   29.64294091    30.81746359    1.009665969    6.492321789e-07    2.115422778e-05
30.33033033   29.7430507    30.91755437    1.009634068    6.233803381e-07    2.094546916e-05
30.43043043   29.84316043    31.01764521    1.009602377    5.985577555e-07    2.073944838e-05
30.53053053   29.9432701    31.11773611    1.009570894    5.747235004e-07    2.053612061e-05
30.63063063   30.0433797    31.21782707    1.009539616    5.518382688e-07    2.033544204e-05
30.73073073   30.14348924    31.31791809    1.009508543    5.298643187e-07    2.013736976e-05
30.83083083   30.24359871    31.41800917    1.009477671    5.087654086e-07    1.99418614e-05
30.93093093   30.34370813    31.51810031    1.009446999    4.885067374e-07    1.974887584e-05
31.03103103   30.44381748    31.61819151    1.009416524    4.690548873e-07    1.955837229e-05
31.13113113   30.54392677    31.71828276    1.009386246    4.503777694e-07    1.937031115e-05
31.23123123   30.64403601    31.81837407    1.009356162    4.324445703e-07    1.91846533e-05
31.33133133   30.74414518    31.91846543    1.00932627    4.152257021e-07    1.900136053e-05
31.43143143   30.84425429    32.01855686    1.009296569    3.986927531e-07    1.882039527e-05
31.53153153   30.94436335    32.11864833    1.009267056    3.828184416e-07    1.864172075e-05
31.63163163   31.04447235    32.21873986    1.00923773    3.675765711e-07    1.84653007e-05
31.73173173   31.14458129    32.31883145    1.009208589    3.529419868e-07    1.829109985e-05
31.83183183   31.24469017    32.41892309    1.009179631    3.388905344e-07    1.811908332e-05
31.93193193   31.344799    32.51901478    1.009150854    3.253990206e-07    1.794921691e-05
32.03203203   31.44490777    32.61910652    1.009122258    3.124451749e-07    1.778146732e-05
32.13213213   31.54501649    32.71919832    1.00909384    3.000076125e-07    1.761580149e-05
32.23223223   31.64512515    32.81929017    1.009065598    2.880657998e-07    1.745218731e-05
32.33233233   31.74523376    32.91938206    1.009037531    2.766000202e-07    1.729059304e-05
32.43243243   31.84534232    33.01947401    1.009009638    2.655913417e-07    1.713098754e-05
32.53253253   31.94545082    33.11956601    1.008981916    2.550215859e-07    1.697334049e-05
32.63263263   32.04555927    33.21965806    1.008954364    2.448732981e-07    1.681762179e-05
32.73273273   32.14566767    33.31975016    1.00892698    2.35129718e-07    1.666380215e-05
32.83283283   32.24577601    33.41984231    1.008899764    2.257747531e-07    1.651185254e-05
32.93293293   32.34588431    33.5199345    1.008872713    2.167929514e-07    1.636174488e-05
33.03303303   32.44599255    33.62002675    1.008845826    2.081694763e-07    1.621345111e-05
33.13313313   32.54610075    33.72011904    1.008819101    1.99890082e-07    1.606694406e-05
33.23323323   32.64620889    33.82021138    1.008792538    1.919410903e-07    1.592219683e-05
33.33333333   32.74631699    33.92030376    1.008766134    1.843093679e-07    1.577918311e-05
33.43343343   32.84642503    34.02039619    1.008739888    1.769823046e-07    1.563787701e-05
33.53353353   32.94653303    34.12048867    1.008713799    1.699477929e-07    1.549825312e-05
33.63363363   33.04664098    34.22058119    1.008687865    1.631942078e-07    1.536028647e-05
33.73373373   33.14674889    34.32067376    1.008662085    1.567103877e-07    1.522395262e-05
33.83383383   33.24685674    34.42076637    1.008636457    1.504856161e-07    1.508922733e-05
33.93393393   33.34696455    34.52085903    1.008610981    1.445096037e-07    1.495608715e-05
34.03403403   33.44707232    34.62095173    1.008585655    1.387724718e-07    1.482450867e-05
34.13413413   33.54718003    34.72104447    1.008560477    1.332647356e-07    1.469446913e-05
34.23423423   33.64728771    34.82113726    1.008535446    1.27977289e-07    1.456594609e-05
34.33433433   33.74739533    34.92123008    1.008510561    1.229013891e-07    1.44389175e-05
34.43443443   33.84750292    35.02132295    1.008485821    1.180286425e-07    1.431336166e-05
34.53453453   33.94761046    35.12141587    1.008461225    1.133509905e-07    1.418925743e-05
34.63463463   34.04771795    35.22150882    1.00843677    1.088606966e-07    1.406658369e-05
34.73473473   34.1478254    35.32160182    1.008412457    1.045503335e-07    1.394532011e-05
34.83483483   34.24793281    35.42169485    1.008388283    1.004127706e-07    1.382544626e-05
34.93493493   34.34804018    35.52178793    1.008364248    9.644116275e-08    1.370694243e-05
35.03503504   34.4481475    35.62188105    1.00834035    9.262893838e-08    1.358978914e-05
35.13513514   34.54825478    35.7219742    1.008316589    8.896978907e-08    1.347396697e-05
35.23523524   34.64836202    35.8220674    1.008292962    8.545765899e-08    1.335945747e-05
35.33533534   34.74846922    35.92216064    1.008269469    8.208673488e-08    1.324624163e-05
35.43543544   34.84857638    36.02225391    1.008246109    7.885143654e-08    1.313430161e-05
35.53553554   34.9486835    36.12234722    1.008222881    7.574640753e-08    1.302361929e-05
35.63563564   35.04879058    36.22244057    1.008199783    7.276650639e-08    1.291417713e-05
35.73573574   35.14889762    36.32253396    1.008176814    6.990679811e-08    1.280595772e-05
35.83583584   35.24900462    36.42262739    1.008153974    6.716254601e-08    1.269894418e-05
35.93593594   35.34911158    36.52272085    1.008131261    6.452920389e-08    1.259311966e-05
36.03603604   35.4492185    36.62281435    1.008108674    6.200240855e-08    1.248846769e-05
36.13613614   35.54932538    36.72290789    1.008086212    5.957797253e-08    1.23849721e-05
36.23623624   35.64943223    36.82300146    1.008063875    5.725187727e-08    1.228261694e-05
36.33633634   35.74953903    36.92309507    1.00804166    5.502026637e-08    1.218138662e-05
36.43643644   35.8496458    37.02318872    1.008019568    5.28794393e-08    1.208126563e-05
36.53653654   35.94975253    37.1232824    1.007997596    5.082584525e-08    1.198223882e-05
36.63663664   36.04985923    37.22337611    1.007975745    4.885607723e-08    1.188429143e-05
36.73673674   36.14996589    37.32346986    1.007954012    4.696686647e-08    1.178740856e-05
36.83683684   36.25007251    37.42356364    1.007932398    4.515507703e-08    1.169157601e-05
36.93693694   36.3501791    37.52365746    1.007910901    4.341770054e-08    1.159677943e-05
37.03703704   36.45028565    37.62375132    1.00788952    4.17518513e-08    1.150300495e-05
37.13713714   36.55039216    37.7238452    1.007868255    4.015476146e-08    1.141023878e-05
37.23723724   36.65049865    37.82393912    1.007847104    3.862377642e-08    1.13184674e-05
37.33733734   36.75060509    37.92403307    1.007826066    3.715635049e-08    1.122767756e-05
37.43743744   36.8507115    38.02412706    1.007805141    3.575004262e-08    1.113785613e-05
37.53753754   36.95081788    38.12422108    1.007784327    3.440251236e-08    1.104899031e-05
37.63763764   37.05092422    38.22431513    1.007763624    3.311151603e-08    1.096106725e-05
37.73773774   37.15103053    38.32440921    1.007743031    3.187490293e-08    1.087407471e-05
37.83783784   37.25113681    38.42450333    1.007722547    3.069061181e-08    1.078800018e-05
37.93793794   37.35124305    38.52459747    1.00770217    2.955939382e-08    1.070283181e-05
38.03803804   37.45134926    38.62469165    1.007681902    2.840976747e-08    1.06185575e-05
38.13813814   37.55145544    38.72478586    1.007661739    2.729502964e-08    1.053516575e-05
38.23823824   37.65156159    38.8248801    1.007641682    2.622572722e-08    1.045264482e-05
38.33833834   37.7516677    38.92497437    1.00762173    2.519848267e-08    1.037098351e-05
38.43843844   37.85177378    39.02506867    1.007601882    2.421163441e-08    1.029017073e-05
38.53853854   37.95187983    39.125163    1.007582137    2.326358687e-08    1.021019525e-05
38.63863864   38.05198585    39.22525736    1.007562494    2.235280776e-08    1.013104646e-05
38.73873874   38.15209184    39.32535175    1.007542952    2.147782563e-08    1.005271364e-05
38.83883884   38.25219779    39.42544617    1.007523512    2.063722741e-08    9.97518629e-06
38.93893894   38.35230372    39.52554062    1.007504171    1.982965607e-08    9.898454065e-06
39.03903904   38.45240962    39.62563509    1.00748493    1.90538084e-08    9.822506838e-06
39.13913914   38.55251548    39.7257296    1.007465787    1.830843287e-08    9.747334638e-06
39.23923924   38.65262132    39.82582414    1.007446741    1.759232754e-08    9.67292747e-06
39.33933934   38.75272713    39.9259187    1.007427793    1.690433813e-08    9.599275762e-06
39.43943944   38.8528329    40.02601329    1.007408941    1.624335607e-08    9.52636985e-06
39.53953954   38.95293865    40.12610791    1.007390184    1.560831673e-08    9.454200362e-06
39.63963964   39.05304437    40.22620256    1.007371522    1.499819762e-08    9.382758102e-06
39.73973974   39.15315006    40.32629723    1.007352954    1.441201675e-08    9.312033739e-06
39.83983984   39.25325572    40.42639193    1.007334479    1.3848831e-08    9.242018476e-06
39.93993994   39.35336135    40.52648666    1.007316097    1.330773459e-08    9.172703316e-06
40.04004004   39.45346696    40.62658142    1.007297806    1.278785758e-08    9.10407964e-06
40.14014014   39.55357254    40.7266762    1.007279607    1.228836442e-08    9.036138693e-06
40.24024024   39.65367809    40.82677101    1.007261499    1.180845265e-08    8.96887221e-06
40.34034034   39.75378361    40.92686584    1.00724348    1.134735152e-08    8.902271637e-06
40.44044044   39.8538891    41.0269607    1.007225551    1.090432076e-08    8.836328886e-06
40.54054054   39.95399457    41.12705559    1.00720771    1.047864936e-08    8.771035824e-06
40.64064064   40.05410001    41.2271505    1.007189957    1.006965442e-08    8.706384452e-06
40.74074074   40.15420543    41.32724544    1.007172291    9.676680006e-09    8.642366924e-06
40.84084084   40.25431082    41.4273404    1.007154712    9.299096119e-09    8.578975462e-06
40.94094094   40.35441618    41.52743539    1.007137219    8.936297627e-09    8.516202466e-06
41.04104104   40.45452151    41.62753041    1.007119811    8.587703301e-09    8.454040468e-06
41.14114114   40.55462682    41.72762544    1.007102488    8.252754859e-09    8.392481844e-06
41.24124124   40.65473211    41.82772051    1.007085249    7.930916057e-09    8.331519525e-06
41.34134134   40.75483737    41.92781559    1.007068093    7.621671814e-09    8.271146243e-06
41.44144144   40.8549426    42.02791071    1.007051021    7.324527373e-09    8.211354752e-06
41.54154154   40.95504781    42.12800584    1.00703403    7.039007496e-09    8.152138315e-06
41.64164164   41.05515299    42.228101    1.007017122    6.76465569e-09    8.093489818e-06
41.74174174   41.15525815    42.32819618    1.007000294    6.501033464e-09    8.035402547e-06
41.84184184   41.25536328    42.42829139    1.006983547    6.247719615e-09    7.977869833e-06
41.94194194   41.35546839    42.52838662    1.00696688    6.004309545e-09    7.920885092e-06
42.04204204   41.45557348    42.62848187    1.006950292    5.7704146e-09    7.8644417e-06
42.14214214   41.55567854    42.72857715    1.006933783    5.545661444e-09    7.808533341e-06
42.24224224   41.65578358    42.82867245    1.006917352    5.329691448e-09    7.753153677e-06
42.34234234   41.75588859    42.92876777    1.006900999    5.122160109e-09    7.698296458e-06
42.44244244   41.85599358    43.02886311    1.006884723    4.922736493e-09    7.643955548e-06
42.54254254   41.95609855    43.12895848    1.006868524    4.731102697e-09    7.590124895e-06
42.64264264   42.0562035    43.22905387    1.0068524    4.54695333e-09    7.53679845e-06
42.74274274   42.15630842    43.32914928    1.006836353    4.369995026e-09    7.48397043e-06
42.84284284   42.25641331    43.42924471    1.00682038    4.199945961e-09    7.431635005e-06
42.94294294   42.35651819    43.52934017    1.006804482    4.036535402e-09    7.379786327e-06
43.04304304   42.45662304    43.62943564    1.006788657    3.879503264e-09    7.328418966e-06
43.14314314   42.55672787    43.72953114    1.006772906    3.728599695e-09    7.27752716e-06
43.24324324   42.65683268    43.82962666    1.006757228    3.583584666e-09    7.227105458e-06
43.34334334   42.75693747    43.9297222    1.006741623    3.444227586e-09    7.177148563e-06
43.44344344   42.85704223    44.02981776    1.006726089    3.31030693e-09    7.127650914e-06
43.54354354   42.95714698    44.12991334    1.006710627    3.181609879e-09    7.078607502e-06
43.64364364   43.0572517    44.23000895    1.006695235    3.057931979e-09    7.03001292e-06
43.74374374   43.1573564    44.33010457    1.006679914    2.939076805e-09    6.98186216e-06
43.84384384   43.25746108    44.43020021    1.006664663    2.824855654e-09    6.934150102e-06
43.94394394   43.35756573    44.53029588    1.006649482    2.71508723e-09    6.886871829e-06
44.04404404   43.45767037    44.63039156    1.006634369    2.609597359e-09    6.840022308e-06
44.14414414   43.55777498    44.73048727    1.006619326    2.508218706e-09    6.793596887e-06
44.24424424   43.65787958    44.83058299    1.00660435    2.410790503e-09    6.747590557e-06
44.34434434   43.75798415    44.93067873    1.006589441    2.317158294e-09    6.70199871e-06
44.44444444   43.85808871    45.0307745    1.0065746    2.227173683e-09    6.656816713e-06
44.54454454   43.95819324    45.13087028    1.006559826    2.140694099e-09    6.612039912e-06
44.64464464   44.05829775    45.23096608    1.006545118    2.057582562e-09    6.567663833e-06
44.74474474   44.15840225    45.3310619    1.006530476    1.977707466e-09    6.523683909e-06
44.84484484   44.25850672    45.43115774    1.006515899    1.900942364e-09    6.480095819e-06
44.94494494   44.35861118    45.5312536    1.006501387    1.827165771e-09    6.436895199e-06
45.04504505   44.45871561    45.63134948    1.006486939    1.756260962e-09    6.394077726e-06
45.14514515   44.55882002    45.73144538    1.006472556    1.688115789e-09    6.351639124e-06
45.24524525   44.65892442    45.8315413    1.006458236    1.622622496e-09    6.309575315e-06
45.34534535   44.7590288    45.93163723    1.006443979    1.559677555e-09    6.267882067e-06
45.44544545   44.85913315    46.03173318    1.006429785    1.499181488e-09    6.226555391e-06
45.54554555   44.95923749    46.13182915    1.006415654    1.44103872e-09    6.185591209e-06
45.64564565   45.05934181    46.23192514    1.006401585    1.385157414e-09    6.144985555e-06
45.74574575   45.15944611    46.33202115    1.006387577    1.331449333e-09    6.104734551e-06
45.84584585   45.25955039    46.43211717    1.00637363    1.279829693e-09    6.064834363e-06
45.94594595   45.35965466    46.53221322    1.006359744    1.230217029e-09    6.025281091e-06
46.04604605   45.4597589    46.63230928    1.006345919    1.182533067e-09    5.986070968e-06
46.14614615   45.55986313    46.73240535    1.006332153    1.136702593e-09    5.947200426e-06
46.24624625   45.65996734    46.83250145    1.006318447    1.092653339e-09    5.908665653e-06
46.34634635   45.76007153    46.93259756    1.0063048    1.050315864e-09    5.87046306e-06
46.44644645   45.8601757    47.03269369    1.006291212    1.009623441e-09    5.832589101e-06
46.54654655   45.96027986    47.13278984    1.006277683    9.705119547e-10    5.795040252e-06
46.64664665   46.06038399    47.232886    1.006264212    9.329197977e-10    5.75781299e-06
46.74674675   46.16048811    47.33298218    1.006250798    8.967877703e-10    5.720903991e-06
46.84684685   46.26059222    47.43307838    1.006237441    8.620589875e-10    5.684309643e-06
46.94694695   46.3606963    47.53317459    1.006224142    8.286787878e-10    5.648026865e-06
47.04704705   46.46080037    47.63327082    1.006210899    7.965946462e-10    5.612052157e-06
47.14714715   46.56090442    47.73336707    1.006197712    7.657560899e-10    5.576382349e-06
47.24724725   46.66100846    47.83346333    1.006184582    7.361146184e-10    5.541014163e-06
47.34734735   46.76111247    47.93355961    1.006171507    7.076236257e-10    5.505944428e-06
47.44744745   46.86121647    48.03365591    1.006158486    6.802383264e-10    5.471170086e-06
47.54754755   46.96132046    48.13375222    1.006145521    6.539156839e-10    5.436687904e-06
47.64764765   47.06142443    48.23384855    1.00613261    6.286143424e-10    5.402494888e-06
47.74774775   47.16152838    48.33394489    1.006119754    6.042945604e-10    5.368588025e-06
47.84784785   47.26163231    48.43404125    1.006106951    5.809181481e-10    5.334964323e-06
47.94794795   47.36173623    48.53413763    1.006094202    5.58448406e-10    5.301620747e-06
48.04804805   47.46184013    48.63423402    1.006081505    5.368500671e-10    5.268554526e-06
48.14814815   47.56194402    48.73433042    1.006068862    5.160892403e-10    5.235762736e-06
48.24824825   47.66204789    48.83442684    1.006056271    4.96133357e-10    5.203242407e-06
48.34834835   47.76215174    48.93452328    1.006043732    4.769511189e-10    5.170990946e-06
48.44844845   47.86225558    49.03461973    1.006031245    4.585124484e-10    5.139005383e-06
48.54854855   47.96235941    49.1347162    1.006018809    4.407884411e-10    5.107283171e-06
48.64864865   48.06246321    49.23481268    1.006006425    4.237513195e-10    5.075821473e-06
48.74874875   48.16256701    49.33490917    1.005994092    4.073743891e-10    5.044617652e-06
48.84884885   48.26267078    49.43500568    1.005981809    3.91631996e-10    5.01366907e-06
48.94894895   48.36277455    49.53510221    1.005969576    3.764994864e-10    4.982973113e-06
49.04904905   48.46287829    49.63519875    1.005957393    3.619531669e-10    4.952527255e-06
49.14914915   48.56298202    49.7352953    1.00594526    3.479702678e-10    4.922328969e-06
49.24924925   48.66308574    49.83539187    1.005933176    3.345289062e-10    4.892375596e-06
49.34934935   48.76318944    49.93548846    1.005921141    3.216080519e-10    4.862664831e-06
49.44944945   48.86329313    50.03558506    1.005909155    3.091874937e-10    4.833194127e-06
49.54954955   48.9633968    50.13568167    1.005897217    2.972478075e-10    4.80396109e-06
49.64964965   49.06350046    50.23577829    1.005885328    2.857703256e-10    4.77496337e-06
49.74974975   49.1636041    50.33587493    1.005873486    2.747371073e-10    4.746198508e-06
49.84984985   49.26370773    50.43597159    1.005861692    2.641309102e-10    4.717664245e-06
49.94994995   49.36381135    50.53606825    1.005849945    2.53935163e-10    4.689358252e-06
50.05005005   49.46391495    50.63616494    1.005838245    2.441339395e-10    4.661278291e-06
50.15015015   49.56401854    50.73626163    1.005826592    2.347119331e-10    4.633422037e-06
50.25025025   49.66412211    50.83635834    1.005814985    2.256544329e-10    4.605787317e-06
50.35035035   49.76422567    50.93645506    1.005803425    2.169473003e-10    4.578371871e-06
50.45045045   49.86432921    51.0365518    1.00579191    2.085769466e-10    4.551173682e-06
50.55055055   49.96443274    51.13664855    1.005780441    2.005303119e-10    4.524190402e-06
50.65065065   50.06453626    51.23674531    1.005769017    1.927948438e-10    4.497420058e-06
50.75075075   50.16463976    51.33684208    1.005757638    1.853584783e-10    4.4708605e-06
50.85085085   50.26474325    51.43693887    1.005746304    1.782096204e-10    4.444509646e-06
50.95095095   50.36484673    51.53703567    1.005735015    1.713371258e-10    4.418365457e-06
51.05105105   50.46495019    51.63713249    1.00572377    1.647302833e-10    4.392425939e-06
51.15115115   50.56505364    51.73722931    1.005712569    1.583787983e-10    4.366689074e-06
51.25125125   50.66515708    51.83732615    1.005701411    1.522727758e-10    4.341152891e-06
51.35135135   50.7652605    51.93742301    1.005690297    1.464027057e-10    4.315815395e-06
51.45145145   50.86536391    52.03751987    1.005679227    1.407594472e-10    4.290674769e-06
51.55155155   50.96546731    52.13761675    1.005668199    1.353342146e-10    4.265728974e-06
51.65165165   51.06557069    52.23771364    1.005657214    1.301185634e-10    4.24097615e-06
51.75175175   51.16567406    52.33781054    1.005646272    1.251043771e-10    4.2164145e-06
51.85185185   51.26577742    52.43790746    1.005635372    1.202838545e-10    4.192042253e-06
51.95195195   51.36588077    52.53800438    1.005624514    1.156494972e-10    4.167857324e-06
52.05205205   51.4659841    52.63810132    1.005613697    1.111940978e-10    4.143858186e-06
52.15215215   51.56608742    52.73819828    1.005602922    1.069107289e-10    4.120042843e-06
52.25225225   51.66619073    52.83829524    1.005592189    1.027927318e-10    4.096409789e-06
52.35235235   51.76629403    52.93839221    1.005581496    9.883370626e-11    4.072957008e-06
52.45245245   51.86639731    53.0384892    1.005570845    9.502750051e-11    4.049682991e-06
52.55255255   51.96650058    53.1385862    1.005560233    9.136820136e-11    4.026585923e-06
52.65265265   52.06660384    53.23868321    1.005549663    8.785012505e-11    4.003664208e-06
52.75275275   52.16670709    53.33878024    1.005539132    8.446780831e-11    3.980916094e-06
52.85285285   52.26681032    53.43887727    1.005528641    8.121599975e-11    3.958340032e-06
52.95295295   52.36691354    53.53897432    1.00551819    7.808965168e-11    3.935934291e-06
53.05305305   52.46701676    53.63907137    1.005507778    7.50839121e-11    3.913697433e-06
53.15315315   52.56711995    53.73916844    1.005497406    7.219411718e-11    3.891627661e-06
53.25325325   52.66722314    53.83926552    1.005487073    6.941578387e-11    3.869723603e-06
53.35335335   52.76732632    53.93936262    1.005476778    6.674460293e-11    3.847983529e-06
53.45345345   52.86742948    54.03945972    1.005466522    6.417643212e-11    3.82640611e-06
53.55355355   52.96753263    54.13955683    1.005456304    6.170728976e-11    3.804989617e-06
53.65365365   53.06763577    54.23965396    1.005446124    5.933334845e-11    3.783732722e-06
53.75375375   53.1677389    54.3397511    1.005435982    5.705092909e-11    3.762633827e-06
53.85385385   53.26784202    54.43984824    1.005425878    5.485649513e-11    3.741691516e-06
53.95395395   53.36794513    54.5399454    1.005415812    5.274664702e-11    3.72090437e-06
54.05405405   53.46804822    54.64004257    1.005405783    5.071811687e-11    3.700270859e-06
54.15415415   53.56815131    54.74013975    1.00539579    4.876776337e-11    3.679789655e-06
54.25425425   53.66825438    54.84023694    1.005385835    4.689256687e-11    3.659459338e-06
54.35435435   53.76835744    54.94033415    1.005375916    4.508962462e-11    3.639278492e-06
54.45445445   53.86846049    55.04043136    1.005366034    4.335614628e-11    3.619245763e-06
54.55455455   53.96856353    55.14052858    1.005356188    4.168944952e-11    3.599359822e-06
54.65465465   54.06866656    55.24062581    1.005346378    4.008695585e-11    3.57961923e-06
54.75475475   54.16876958    55.34072306    1.005336604    3.854618656e-11    3.56002281e-06
54.85485485   54.26887259    55.44082031    1.005326866    3.706475889e-11    3.540569124e-06
54.95495495   54.36897559    55.54091758    1.005317163    3.564038228e-11    3.521256908e-06
55.05505506   54.46907857    55.64101485    1.005307496    3.427085478e-11    3.502084943e-06
55.15515516   54.56918155    55.74111214    1.005297863    3.295405966e-11    3.483051877e-06
55.25525526   54.66928451    55.84120943    1.005288266    3.168796205e-11    3.464156425e-06
55.35535536   54.76938747    55.94130674    1.005278703    3.04706058e-11    3.445397502e-06
55.45545546   54.86949041    56.04140406    1.005269174    2.930011041e-11    3.426773711e-06
55.55555556   54.96959335    56.14150138    1.00525968    2.81746681e-11    3.408283943e-06
55.65565566   55.06969627    56.24159872    1.00525022    2.709254102e-11    3.389926937e-06
55.75575576   55.16979918    56.34169606    1.005240795    2.605205849e-11    3.371701495e-06
55.85585586   55.26990209    56.44179342    1.005231402    2.505161441e-11    3.353606554e-06
55.95595596   55.37000498    56.54189078    1.005222044    2.408966478e-11    3.335640717e-06
56.05605606   55.47010786    56.64198816    1.005212719    2.316472529e-11    3.317803143e-06
56.15615616   55.57021074    56.74208554    1.005203427    2.227536898e-11    3.300092413e-06
56.25625626   55.6703136    56.84218294    1.005194168    2.142022403e-11    3.282507553e-06
56.35635636   55.77041645    56.94228034    1.005184942    2.059797165e-11    3.265047431e-06
56.45645646   55.87051929    57.04237776    1.005175749    1.980734398e-11    3.247710852e-06
56.55655656   55.97062213    57.14247518    1.005166589    1.904712216e-11    3.230496885e-06
56.65665666   56.07072495    57.24257261    1.00515746    1.83161344e-11    3.213404266e-06
56.75675676   56.17082777    57.34267006    1.005148364    1.761325417e-11    3.196432109e-06
56.85685686   56.27093057    57.44276751    1.0051393    1.693739847e-11    3.179579173e-06
56.95695696   56.37103336    57.54286497    1.005130268    1.62875261e-11    3.162844573e-06
57.05705706   56.47113615    57.64296244    1.005121268    1.566263607e-11    3.146227154e-06
57.15715716   56.57123892    57.74305992    1.005112299    1.506176605e-11    3.129725966e-06
57.25725726   56.67134169    57.84315741    1.005103361    1.448399083e-11    3.113339987e-06
57.35735736   56.77144445    57.9432549    1.005094455    1.392842096e-11    3.097068155e-06
57.45745746   56.8715472    58.04335241    1.005085579    1.33942013e-11    3.080909539e-06
57.55755756   56.97164993    58.14344993    1.005076735    1.28805097e-11    3.064863142e-06
57.65765766   57.07175266    58.24354745    1.005067921    1.238655576e-11    3.048927988e-06
57.75775776   57.17185538    58.34364498    1.005059138    1.191157958e-11    3.03310308e-06
57.85785786   57.27195809    58.44374253    1.005050385    1.145485056e-11    3.017387533e-06
57.95795796   57.37206079    58.54384008    1.005041662    1.10156663e-11    3.00178037e-06
58.05805806   57.47216349    58.64393764    1.00503297    1.05933515e-11    2.986280617e-06
58.15815816   57.57226617    58.74403521    1.005024307    1.01872569e-11    2.970887432e-06
58.25825826   57.67236884    58.84413278    1.005015675    9.796758299e-12    2.95559984e-06
58.35835836   57.77247151    58.94423037    1.005007071    9.421255541e-12    2.940416954e-06
58.45845846   57.87257416    59.04432797    1.004998498    9.060171633e-12    2.92533791e-06
58.55855856   57.97267681    59.14442557    1.004989953    8.712951825e-12    2.9103618e-06
58.65865866   58.07277945    59.24452318    1.004981438    8.379062757e-12    2.895487692e-06
58.75875876   58.17288208    59.3446208    1.004972952    8.05799163e-12    2.880714746e-06
58.85885886   58.2729847    59.44471843    1.004964494    7.749245412e-12    2.866042295e-06
58.95895896   58.37308732    59.54481607    1.004956065    7.452350074e-12    2.851469055e-06
59.05905906   58.47318992    59.64491371    1.004947665    7.16684986e-12    2.836994737e-06
59.15915916   58.57329252    59.74501137    1.004939294    6.892306575e-12    2.822617946e-06
59.25925926   58.6733951    59.84510903    1.00493095    6.62829891e-12    2.808338371e-06
59.35935936   58.77349768    59.9452067    1.004922635    6.374421789e-12    2.79415475e-06
59.45945946   58.87360025    60.04530438    1.004914348    6.130285744e-12    2.780066638e-06
59.55955956   58.97370281    60.14540206    1.004906088    5.89551631e-12    2.766072972e-06
59.65965966   59.07380537    60.24549976    1.004897857    5.669753445e-12    2.752173155e-06
59.75975976   59.17390791    60.34559746    1.004889653    5.452650977e-12    2.73836621e-06
59.85985986   59.27401045    60.44569517    1.004881476    5.243876066e-12    2.724651584e-06
59.95995996   59.37411298    60.54579289    1.004873326    5.043108688e-12    2.71102828e-06
60.06006006   59.4742155    60.64589062    1.004865204    4.850041145e-12    2.697495699e-06
60.16016016   59.57431801    60.74598835    1.004857109    4.664377584e-12    2.684053044e-06
60.26026026   59.67442052    60.8460861    1.004849041    4.485833543e-12    2.670699516e-06
60.36036036   59.77452301    60.94618385    1.004840999    4.314135511e-12    2.657434496e-06
60.46046046   59.8746255    61.0462816    1.004832984    4.149020506e-12    2.644257097e-06
60.56056056   59.97472798    61.14637937    1.004824996    3.990235668e-12    2.631166764e-06
60.66066066   60.07483045    61.24647714    1.004817034    3.837537868e-12    2.618162568e-06
60.76076076   60.17493292    61.34657492    1.004809098    3.690693333e-12    2.605244065e-06
60.86086086   60.27503537    61.44667271    1.004801188    3.549477288e-12    2.592410347e-06
60.96096096   60.37513782    61.54677051    1.004793305    3.413673605e-12    2.579660748e-06
61.06106106   60.47524026    61.64686831    1.004785447    3.283074471e-12    2.566994692e-06
61.16116116   60.5753427    61.74696612    1.004777615    3.157480069e-12    2.554411382e-06
61.26126126   60.67544512    61.84706394    1.004769808    3.036698267e-12    2.541910153e-06
61.36136136   60.77554754    61.94716177    1.004762027    2.920544323e-12    2.529490451e-06
61.46146146   60.87564995    62.0472596    1.004754271    2.808840603e-12    2.517151434e-06
61.56156156   60.97575235    62.14735745    1.004746541    2.701416302e-12    2.50489257e-06
61.66166166   61.07585475    62.24745529    1.004738835    2.598107183e-12    2.492713216e-06
61.76176176   61.17595714    62.34755315    1.004731155    2.498755325e-12    2.480612641e-06
61.86186186   61.27605952    62.44765101    1.004723499    2.403208879e-12    2.468590336e-06
61.96196196   61.37616189    62.54774888    1.004715868    2.311321833e-12    2.456645502e-06
62.06206206   61.47626425    62.64784676    1.004708262    2.222953789e-12    2.444777653e-06
62.16216216   61.57636661    62.74794465    1.00470068    2.137969745e-12    2.432986122e-06
62.26226226   61.67646896    62.84804254    1.004693123    2.056239888e-12    2.421270313e-06
62.36236236   61.77657131    62.94814044    1.00468559    1.977639393e-12    2.409629537e-06
62.46246246   61.87667364    63.04823834    1.004678081    1.902048235e-12    2.398063397e-06
62.56256256   61.97677597    63.14833625    1.004670596    1.829350998e-12    2.386571028e-06
62.66266266   62.07687829    63.24843417    1.004663135    1.759436701e-12    2.375152053e-06
62.76276276   62.17698061    63.3485321    1.004655698    1.692198629e-12    2.363805762e-06
62.86286286   62.27708291    63.44863004    1.004648284    1.627534165e-12    2.352531648e-06
62.96296296   62.37718521    63.54872798    1.004640894    1.565344635e-12    2.341329132e-06
63.06306306   62.47728751    63.64882592    1.004633528    1.505535153e-12    2.330197639e-06
63.16316316   62.57738979    63.74892388    1.004626185    1.448014479e-12    2.319136527e-06
63.26326326   62.67749207    63.84902184    1.004618865    1.392694878e-12    2.308145374e-06
63.36336336   62.77759435    63.94911981    1.004611568    1.339491982e-12    2.297223538e-06
63.46346346   62.87769661    64.04921778    1.004604294    1.288324665e-12    2.286370554e-06
63.56356356   62.97779887    64.14931576    1.004597043    1.239114913e-12    2.275585755e-06
63.66366366   63.07790112    64.24941375    1.004589815    1.191787711e-12    2.2648687e-06
63.76376376   63.17800337    64.34951175    1.00458261    1.14627092e-12    2.254218879e-06
63.86386386   63.2781056    64.44960975    1.004575427    1.102495172e-12    2.243635693e-06
63.96396396   63.37820784    64.54970776    1.004568267    1.060393763e-12    2.233118611e-06
64.06406406   63.47831006    64.64980577    1.004561129    1.019902546e-12    2.222667255e-06
64.16416416   63.57841228    64.74990379    1.004554013    9.809598389e-13    2.212280895e-06
64.26426426   63.67851449    64.85000182    1.00454692    9.435063246e-13    2.201959243e-06
64.36436436   63.77861669    64.95009985    1.004539848    9.074849631e-13    2.191701677e-06
64.46446446   63.87871889    65.05019789    1.004532799    8.728409029e-13    2.181507733e-06
64.56456456   63.97882108    65.15029594    1.004525771    8.395213968e-13    2.171376834e-06
64.66466466   64.07892327    65.25039399    1.004518766    8.074757213e-13    2.16130867e-06
64.76476476   64.17902545    65.35049205    1.004511781    7.766550988e-13    2.151302621e-06
64.86486486   64.27912762    65.45059012    1.004504819    7.470126224e-13    2.141358177e-06
64.96496496   64.37922978    65.55068819    1.004497878    7.185031848e-13    2.13147505e-06
65.06506507   64.47933194    65.65078627    1.004490958    6.910834082e-13    2.121652531e-06
65.16516517   64.5794341    65.75088435    1.004484059    6.647115786e-13    2.111890376e-06
65.26526527   64.67953624    65.85098244    1.004477182    6.393475817e-13    2.102187898e-06
65.36536537   64.77963838    65.95108054    1.004470326    6.14952841e-13    2.09254492e-06
65.46546547   64.87974052    66.05117864    1.00446349    5.914902593e-13    2.082960688e-06
65.56556557   64.97984264    66.15127675    1.004456676    5.689241617e-13    2.073434981e-06
65.66566567   65.07994476    66.25137486    1.004449882    5.472202407e-13    2.063967222e-06
65.76576577   65.18004688    66.35147299    1.004443109    5.263455042e-13    2.054557036e-06
65.86586587   65.28014899    66.45157111    1.004436356    5.062682245e-13    2.045204e-06
65.96596597   65.38025109    66.55166925    1.004429625    4.869578899e-13    2.035907605e-06
66.06606607   65.48035319    66.65176738    1.004422913    4.683851582e-13    2.026667453e-06
66.16616617   65.58045528    66.75186553    1.004416222    4.505218116e-13    2.017483166e-06
66.26626627   65.68055736    66.85196368    1.004409551    4.333407136e-13    2.008354323e-06
66.36636637   65.78065944    66.95206184    1.0044029    4.168157674e-13    1.999280416e-06
66.46646647   65.88076151    67.05216    1.004396269    4.009218761e-13    1.990261044e-06
66.56656657   65.98086358    67.15225817    1.004389658    3.856349043e-13    1.981295987e-06
66.66666667   66.08096564    67.25235634    1.004383067    3.709316413e-13    1.972384579e-06
66.76676677   66.18106769    67.35245452    1.004376496    3.567897654e-13    1.963526555e-06
66.86686687   66.28116974    67.45255271    1.004369944    3.431878098e-13    1.954721538e-06
66.96696697   66.38127179    67.5526509    1.004363412    3.3010513e-13    1.945968995e-06
67.06706707   66.48137382    67.6527491    1.004356899    3.175218722e-13    1.937268729e-06
67.16716717   66.58147585    67.7528473    1.004350406    3.054189428e-13    1.928620228e-06
67.26726727   66.68157788    67.85294551    1.004343932    2.937779794e-13    1.920023028e-06
67.36736737   66.7816799    67.95304372    1.004337478    2.825813226e-13    1.911477018e-06
67.46746747   66.88178191    68.05314194    1.004331042    2.718119893e-13    1.90298151e-06
67.56756757   66.98188392    68.15324017    1.004324626    2.614536464e-13    1.894536351e-06
67.66766767   67.08198592    68.2533384    1.004318229    2.514905862e-13    1.886141095e-06
67.76776777   67.18208792    68.35343663    1.00431185    2.419077023e-13    1.877795257e-06
67.86786787   67.28218991    68.45353487    1.004305491    2.326904664e-13    1.869498725e-06
67.96796797   67.3822919    68.55363312    1.00429915    2.238249064e-13    1.8612509e-06
68.06806807   67.48239388    68.65373137    1.004292827    2.152975848e-13    1.853051607e-06
68.16816817   67.58249585    68.75382963    1.004286524    2.070955784e-13    1.844900312e-06
68.26826827   67.68259782    68.8539279    1.004280238    1.992064586e-13    1.836796816e-06
68.36836837   67.78269978    68.95402616    1.004273972    1.916182723e-13    1.828740698e-06
68.46846847   67.88280174    69.05412444    1.004267723    1.843195238e-13    1.820731604e-06
68.56856857   67.98290369    69.15422272    1.004261493    1.772991571e-13    1.812769202e-06
68.66866867   68.08300564    69.254321    1.004255281    1.705465393e-13    1.80485318e-06
68.76876877   68.18310758    69.35441929    1.004249087    1.640514442e-13    1.796983207e-06
68.86886887   68.28320951    69.45451759    1.004242911    1.578040367e-13    1.789158884e-06
68.96896897   68.38331145    69.55461589    1.004236753    1.517948579e-13    1.781379923e-06
69.06906907   68.48341337    69.6547142    1.004230612    1.460148109e-13    1.773646013e-06
69.16916917   68.58351529    69.75481251    1.00422449    1.404551463e-13    1.765956822e-06
69.26926927   68.6836172    69.85491082    1.004218385    1.351074497e-13    1.758311929e-06
69.36936937   68.78371911    69.95500914    1.004212298    1.299636281e-13    1.750711223e-06
69.46946947   68.88382102    70.05510747    1.004206228    1.250158982e-13    1.74315415e-06
69.56956957   68.98392292    70.1552058    1.004200176    1.202567743e-13    1.735640533e-06
69.66966967   69.08402481    70.25530414    1.004194142    1.156790566e-13    1.728170129e-06
69.76976977   69.1841267    70.35540248    1.004188124    1.11275821e-13    1.720742404e-06
69.86986987   69.28422858    70.45550083    1.004182124    1.070404076e-13    1.713357294e-06
69.96996997   69.38433046    70.55559918    1.004176141    1.029664114e-13    1.706014265e-06
70.07007007   69.48443233    70.65569754    1.004170175    9.904767212e-14    1.6987318e-06
70.17017017   69.5845342    70.7557959    1.004164226    9.527826493e-14    1.691453789e-06
70.27027027   69.68463606    70.85589427    1.004158294    9.165249143e-14    1.684235655e-06
70.37037037   69.78473792    70.95599264    1.004152379    8.816487096e-14    1.677058472e-06
70.47047047   69.88483977    71.05609101    1.004146481    8.481013233e-14    1.669922064e-06
70.57057057   69.98494162    71.15618939    1.004140599    8.158320573e-14    1.662826121e-06
70.67067067   70.08504346    71.25628778    1.004134735    7.847921508e-14    1.65577022e-06
70.77077077   70.1851453    71.35638617    1.004128886    7.549347059e-14    1.648754297e-06
70.87087087   70.28524713    71.45648457    1.004123054    7.262146162e-14    1.64177784e-06
70.97097097   70.38534896    71.55658297    1.004117239    6.985884985e-14    1.634840851e-06
71.07107107   70.48545079    71.65668137    1.00411144    6.72014627e-14    1.627942685e-06
71.17117117   70.5855526    71.75677979    1.004105658    6.464528692e-14    1.621083411e-06
71.27127127   70.68565442    71.8568782    1.004099891    6.218646258e-14    1.614262629e-06
71.37137137   70.78575623    71.95697662    1.004094141    5.982127715e-14    1.607479963e-06
71.47147147   70.88585803    72.05707504    1.004088407    5.754615989e-14    1.6007353e-06
71.57157157   70.98595983    72.15717347    1.004082689    5.535767641e-14    1.594028288e-06
71.67167167   71.08606162    72.25727191    1.004076987    5.325252344e-14    1.587358771e-06
71.77177177   71.18616341    72.35737035    1.004071301    5.122752388e-14    1.580726305e-06
71.87187187   71.28626519    72.45746879    1.00406563    4.927962191e-14    1.574130802e-06
71.97197197   71.38636697    72.55756724    1.004059976    4.740587835e-14    1.567571908e-06
72.07207207   71.48646875    72.65766569    1.004054337    4.560346627e-14    1.561049445e-06
72.17217217   71.58657052    72.75776415    1.004048714    4.386966663e-14    1.55456308e-06
72.27227227   71.68667229    72.85786261    1.004043106    4.220186417e-14    1.548112593e-06
72.37237237   71.78677405    72.95796107    1.004037514    4.059754348e-14    1.541697784e-06
72.47247247   71.8868758    73.05805955    1.004031937    3.905428512e-14    1.535318364e-06
72.57257257   71.98697755    73.15815802    1.004026376    3.756976202e-14    1.528974001e-06
72.67267267   72.0870793    73.2582565    1.00402083    3.614173588e-14    1.522664673e-06
72.77277277   72.18718104    73.35835498    1.004015299    3.476805385e-14    1.516389938e-06
72.87287287   72.28728278    73.45845347    1.004009784    3.344664521e-14    1.510149683e-06
72.97297297   72.38738452    73.55855197    1.004004283    3.217551825e-14    1.503943555e-06
73.07307307   72.48748624    73.65865046    1.003998798    3.095275724e-14    1.497771421e-06
73.17317317   72.58758797    73.75874896    1.003993328    2.977651957e-14    1.491633014e-06
73.27327327   72.68768969    73.85884747    1.003987872    2.864503288e-14    1.485528113e-06
73.37337337   72.7877914    73.95894598    1.003982432    2.755659246e-14    1.479456474e-06
73.47347347   72.88789312    74.05904449    1.003977006    2.650955859e-14    1.473417876e-06
73.57357357   72.98799482    74.15914301    1.003971595    2.550235413e-14    1.467412097e-06
73.67367367   73.08809652    74.25924154    1.003966199    2.453346206e-14    1.461438894e-06
73.77377377   73.18819822    74.35934006    1.003960818    2.360142323e-14    1.455498088e-06
73.87387387   73.28829992    74.4594386    1.003955451    2.270483415e-14    1.449589459e-06
73.97397397   73.38840161    74.55953713    1.003950098    2.184234482e-14    1.44371274e-06
74.07407407   73.48850329    74.65963567    1.00394476    2.101265674e-14    1.437867733e-06
74.17417417   73.58860497    74.75973422    1.003939437    2.021452092e-14    1.432054259e-06
74.27427427   73.68870665    74.85983277    1.003934127    1.944673598e-14    1.426272098e-06
74.37437437   73.78880832    74.95993132    1.003928833    1.870814636e-14    1.42052096e-06
74.47447447   73.88890999    75.06002988    1.003923552    1.799764053e-14    1.414800758e-06
74.57457457   73.98901165    75.16012844    1.003918285    1.731414935e-14    1.409111226e-06
74.67467467   74.08911331    75.260227    1.003913033    1.665664444e-14    1.403452119e-06
74.77477477   74.18921496    75.36032557    1.003907795    1.60241366e-14    1.397823327e-06
74.87487487   74.28931662    75.46042415    1.00390257    1.541567435e-14    1.39222454e-06
74.97497497   74.38941826    75.56052272    1.00389736    1.483034246e-14    1.386655669e-06
75.07507508   74.4895199    75.66062131    1.003892163    1.426726059e-14    1.381116404e-06
75.17517518   74.58962154    75.76071989    1.003886981    1.372558195e-14    1.375606657e-06
75.27527528   74.68972318    75.86081848    1.003881812    1.320449201e-14    1.37012616e-06
75.37537538   74.78982481    75.96091707    1.003876657    1.270320727e-14    1.364674671e-06
75.47547548   74.88992643    76.06101567    1.003871515    1.222097411e-14    1.359252212e-06
75.57557558   74.99002806    76.16111427    1.003866388    1.17570676e-14    1.353858273e-06
75.67567568   75.09012967    76.26121288    1.003861273    1.131079044e-14    1.348492964e-06
75.77577578   75.19023129    76.36131149    1.003856172    1.088147189e-14    1.34315591e-06
75.87587588   75.2903329    76.4614101    1.003851085    1.046846676e-14    1.337846977e-06
75.97597598   75.3904345    76.56150872    1.003846011    1.007115445e-14    1.332566032e-06
76.07607608   75.49053611    76.66160734    1.003840951    9.688937969e-15    1.327312787e-06
76.17617618   75.5906377    76.76170597    1.003835904    9.3212431e-15    1.322087131e-06
76.27627628   75.6907393    76.8618046    1.00383087    8.967517473e-15    1.316888954e-06
76.37637638   75.79084089    76.96190323    1.003825849    8.627229764e-15    1.311717857e-06
76.47647648   75.89094247    77.06200187    1.003820841    8.299868878e-15    1.306573905e-06
76.57657658   75.99104406    77.16210051    1.003815847    7.984943187e-15    1.301456745e-06
76.67667668   76.09114563    77.26219915    1.003810865    7.681979781e-15    1.296366332e-06
76.77677678   76.19124721    77.3622978    1.003805896    7.390523756e-15    1.291302357e-06
76.87687688   76.29134878    77.46239645    1.003800941    7.110137532e-15    1.286264818e-06
76.97697698   76.39145035    77.56249511    1.003795998    6.840400184e-15    1.281253362e-06
77.07707708   76.49155191    77.66259377    1.003791068    6.580906816e-15    1.276267965e-06
77.17717718   76.59165347    77.76269243    1.003786151    6.331267943e-15    1.271308364e-06
77.27727728   76.69175502    77.8627911    1.003781247    6.091108907e-15    1.266374423e-06
77.37737738   76.79185657    77.96288977    1.003776355    5.860069313e-15    1.261465989e-06
77.47747748   76.89195812    78.06298844    1.003771476    5.637802482e-15    1.256582928e-06
77.57757758   76.99205967    78.16308712    1.00376661    5.42397493e-15    1.251724997e-06
77.67767768   77.09216121    78.2631858    1.003761756    5.218265866e-15    1.246892084e-06
77.77777778   77.19226274    78.36328449    1.003756915    5.020366706e-15    1.242083969e-06
77.87787788   77.29236427    78.46338318    1.003752086    4.829980611e-15    1.237300672e-06
77.97797798   77.3924658    78.56348187    1.003747269    4.646822035e-15    1.23254173e-06
78.07807808   77.49256733    78.66358057    1.003742465    4.4706163e-15    1.227807341e-06
78.17817818   77.59266885    78.76367927    1.003737673    4.301099179e-15    1.223097018e-06
78.27827828   77.69277037    78.86377797    1.003732893    4.138016496e-15    1.218410871e-06
78.37837838   77.79287188    78.96387668    1.003728126    3.981123749e-15    1.213748569e-06
78.47847848   77.89297339    79.06397539    1.003723371    3.830185734e-15    1.20911e-06
78.57857858   77.9930749    79.1640741    1.003718627    3.684976197e-15    1.204495165e-06
78.67867868   78.0931764    79.26417282    1.003713896    3.545277489e-15    1.199903598e-06
78.77877878   78.1932779    79.36427154    1.003709177    3.410880243e-15    1.195335498e-06
78.87887888   78.2933794    79.46437026    1.00370447    3.281583051e-15    1.190790467e-06
78.97897898   78.39348089    79.56446899    1.003699775    3.15719217e-15    1.186268482e-06
79.07907908   78.49358238    79.66456772    1.003695092    3.037521223e-15    1.181769389e-06
79.17917918   78.59368387    79.76466646    1.00369042    2.922390921e-15    1.177292965e-06
79.27927928   78.69378535    79.8647652    1.003685761    2.811628794e-15    1.172839145e-06
79.37937938   78.79388683    79.96486394    1.003681113    2.705068931e-15    1.168407773e-06
79.47947948   78.8939883    80.06496268    1.003676477    2.602551729e-15    1.163998672e-06
79.57957958   78.99408977    80.16506143    1.003671852    2.503923652e-15    1.159611775e-06
79.67967968   79.09419124    80.26516019    1.003667239    2.409037006e-15    1.155246817e-06
79.77977978   79.19429271    80.36525894    1.003662638    2.317749708e-15    1.150903819e-06
79.87987988   79.29439417    80.4653577    1.003658048    2.229925079e-15    1.146582494e-06
79.97997998   79.39449563    80.56545646    1.00365347    2.145431636e-15    1.142282841e-06
80.08008008   79.49459708    80.66555523    1.003648903    2.064142892e-15    1.138004639e-06
80.18018018   79.59469853    80.765654    1.003644348    1.985937172e-15    1.133747733e-06
80.28028028   79.69479998    80.86575277    1.003639804    1.910697423e-15    1.129512057e-06
80.38038038   79.79490142    80.96585154    1.003635271    1.838311042e-15    1.125297477e-06
80.48048048   79.89500286    81.06595032    1.003630749    1.768669704e-15    1.12110386e-06
80.58058058   79.9951043    81.16604911    1.003626239    1.701669205e-15    1.116930919e-06
80.68068068   80.09520573    81.26614789    1.00362174    1.637209297e-15    1.112778852e-06
80.78078078   80.19530716    81.36624668    1.003617252    1.575193545e-15    1.108647195e-06
80.88088088   80.29540859    81.46634547    1.003612775    1.515529175e-15    1.104536036e-06
80.98098098   80.39551002    81.56644427    1.00360831    1.45812694e-15    1.100445154e-06
81.08108108   80.49561144    81.66654307    1.003603855    1.402900986e-15    1.096374503e-06
81.18118118   80.59571285    81.76664187    1.003599411    1.349768718e-15    1.092323797e-06
81.28128128   80.69581427    81.86674067    1.003594979    1.298650681e-15    1.088293101e-06
81.38138138   80.79591568    81.96683948    1.003590557    1.249470437e-15    1.084282216e-06
81.48148148   80.89601709    82.06693829    1.003586146    1.202154454e-15    1.080290943e-06
81.58158158   80.99611849    82.16703711    1.003581745    1.15663199e-15    1.076319326e-06
81.68168168   81.09621989    82.26713592    1.003577356    1.112834994e-15    1.072367099e-06
81.78178178   81.19632129    82.36723474    1.003572977    1.070697998e-15    1.06843424e-06
81.88188188   81.29642269    82.46733357    1.00356861    1.030158021e-15    1.064520527e-06
81.98198198   81.39652408    82.56743239    1.003564252    9.911544726e-16    1.060625939e-06
82.08208208   81.49662547    82.66753122    1.003559906    9.536290662e-16    1.056750363e-06
82.18218218   81.59672685    82.76763006    1.00355557    9.175257271e-16    1.052893558e-06
82.28228228   81.69682823    82.86772889    1.003551244    8.827905106e-16    1.049055588e-06
82.38238238   81.79692961    82.96782773    1.003546929    8.493715203e-16    1.045236211e-06
82.48248248   81.89703099    83.06792658    1.003542624    8.172188306e-16    1.041435315e-06
82.58258258   81.99713236    83.16802542    1.00353833    7.862844117e-16    1.037652923e-06
82.68268268   82.09723373    83.26812427    1.003534047    7.565220572e-16    1.033888724e-06
82.78278278   82.1973351    83.36822312    1.003529773    7.278873152e-16    1.030142741e-06
82.88288288   82.29743646    83.46832197    1.00352551    7.003374215e-16    1.026414862e-06
82.98298298   82.39753782    83.56842083    1.003521258    6.738312353e-16    1.022704933e-06
83.08308308   82.49763918    83.66851969    1.003517015    6.483291777e-16    1.019012821e-06
83.18318318   82.59774054    83.76861856    1.003512783    6.237931722e-16    1.015338548e-06
83.28328328   82.69784189    83.86871742    1.003508561    6.001865876e-16    1.011681826e-06
83.38338338   82.79794323    83.96881629    1.003504349    5.774741834e-16    1.008042721e-06
83.48348348   82.89804458    84.06891516    1.003500147    5.556220564e-16    1.004420989e-06
83.58358358   82.99814592    84.16901404    1.003495955    5.345975902e-16    1.000816586e-06
83.68368368   83.09824726    84.26911292    1.003491773    5.143694064e-16    9.972294688e-07
83.78378378   83.1983486    84.3692118    1.003487602    4.949073174e-16    9.936593923e-07
83.88388388   83.29844993    84.46931068    1.00348344    4.761822812e-16    9.901064233e-07
83.98398398   83.39855126    84.56940957    1.003479288    4.581663579e-16    9.865703182e-07
84.08408408   83.49865259    84.66950846    1.003475146    4.408326677e-16    9.830510104e-07
84.18418418   83.59875391    84.76960735    1.003471014    4.24155351e-16    9.795484778e-07
84.28428428   83.69885524    84.86970625    1.003466891    4.081095291e-16    9.760625652e-07
84.38438438   83.79895655    84.96980515    1.003462779    3.926712674e-16    9.725930954e-07
84.48448448   83.89905787    85.06990405    1.003458676    3.778175393e-16    9.691401349e-07
84.58458458   83.99915918    85.17000295    1.003454583    3.635261919e-16    9.65703462e-07
84.68468468   84.09926049    85.27010186    1.0034505    3.497759125e-16    9.622830103e-07
84.78478478   84.1993618    85.37020077    1.003446426    3.365461972e-16    9.588787576e-07
84.88488488   84.2994631    85.47029968    1.003442362    3.238173195e-16    9.55490438e-07
84.98498498   84.39956441    85.5703986    1.003438307    3.115703015e-16    9.52118118e-07
85.08508509   84.4996657    85.67049751    1.003434262    2.997868849e-16    9.487617089e-07
85.18518519   84.599767    85.77059643    1.003430226    2.884495042e-16    9.454209226e-07
85.28528529   84.69986829    85.87069536    1.0034262    2.775412597e-16    9.420959365e-07
85.38538539   84.79996958    85.97079428    1.003422184    2.67045893e-16    9.387864403e-07
85.48548549   84.90007087    86.07089321    1.003418176    2.569477621e-16    9.354924561e-07
85.58558559   85.00017215    86.17099215    1.003414178    2.472318183e-16    9.322138511e-07
85.68568569   85.10027344    86.27109108    1.00341019    2.378835833e-16    9.289506029e-07
85.78578579   85.20037472    86.37119002    1.003406211    2.288891281e-16    9.257024458e-07
85.88588589   85.30047599    86.47128896    1.003402241    2.202350518e-16    9.224695791e-07
85.98598599   85.40057726    86.5713879    1.00339828    2.119084615e-16    9.19251604e-07
86.08608609   85.50067854    86.67148685    1.003394329    2.038969531e-16    9.160486534e-07
86.18618619   85.6007798    86.77158579    1.003390386    1.96188593e-16    9.128605279e-07
86.28628629   85.70088107    86.87168474    1.003386453    1.887718998e-16    9.096872275e-07
86.38638639   85.80098233    86.9717837    1.003382529    1.816358274e-16    9.065285971e-07
86.48648649   85.90108359    87.07188265    1.003378614    1.747697487e-16    9.033845701e-07
86.58658659   86.00118485    87.17198161    1.003374708    1.68163439e-16    9.002550137e-07
86.68668669   86.1012861    87.27208057    1.003370811    1.618070615e-16    8.971399943e-07
86.78678679   86.20138735    87.37217954    1.003366923    1.556911522e-16    8.940392681e-07
86.88688689   86.3014886    87.47227851    1.003363044    1.498066057e-16    8.909528131e-07
86.98698699   86.40158985    87.57237747    1.003359174    1.441446618e-16    8.878805626e-07
87.08708709   86.50169109    87.67247645    1.003355313    1.386968922e-16    8.848224503e-07
87.18718719   86.60179233    87.77257542    1.003351461    1.334551882e-16    8.817782988e-07
87.28728729   86.70189357    87.8726744    1.003347618    1.284117483e-16    8.787481524e-07
87.38738739   86.80199481    87.97277338    1.003343783    1.235590665e-16    8.757318562e-07
87.48748749   86.90209604    88.07287236    1.003339957    1.188899215e-16    8.727293213e-07
87.58758759   87.00219727    88.17297134    1.00333614    1.143973653e-16    8.6974057e-07
87.68768769   87.1022985    88.27307033    1.003332332    1.100747135e-16    8.667653585e-07
87.78778779   87.20239973    88.37316932    1.003328532    1.059155348e-16    8.638037754e-07
87.88788789   87.30250095    88.47326831    1.003324741    1.019136415e-16    8.608555992e-07
87.98798799   87.40260217    88.57336731    1.003320959    9.806308039e-17    8.579209406e-07
88.08808809   87.50270339    88.67346631    1.003317185    9.43581239e-17    8.54999423e-07
88.18818819   87.6028046    88.77356531    1.00331342    9.079326132e-17    8.520913786e-07
88.28828829   87.70290581    88.87366431    1.003309663    8.736319072e-17    8.49196298e-07
88.38838839   87.80300702    88.97376331    1.003305915    8.406281101e-17    8.463144469e-07
88.48848849   87.90310823    89.07386232    1.003302175    8.088721433e-17    8.434455594e-07
88.58858859   88.00320944    89.17396133    1.003298444    7.783167872e-17    8.40589702e-07
88.68868869   88.10331064    89.27406034    1.003294721    7.489166106e-17    8.377466311e-07
88.78878879   88.20341184    89.37415936    1.003291006    7.20627903e-17    8.349164129e-07
88.88888889   88.30351304    89.47425837    1.0032873    6.934086094e-17    8.320989146e-07
88.98898899   88.40361423    89.57435739    1.003283602    6.672182674e-17    8.292941141e-07
89.08908909   88.50371542    89.67445642    1.003279913    6.420179472e-17    8.265018783e-07
89.18918919   88.60381661    89.77455544    1.003276232    6.177701927e-17    8.237221187e-07
89.28928929   88.7039178    89.87465447    1.003272559    5.944389668e-17    8.209548573e-07
89.38938939   88.80401899    89.9747535    1.003268894    5.719895964e-17    8.182000277e-07
89.48948949   88.90412017    90.07485253    1.003265238    5.503887217e-17    8.154574305e-07
89.58958959   89.00422135    90.17495156    1.003261589    5.296042457e-17    8.1272711e-07
89.68968969   89.10432253    90.2750506    1.003257949    5.09605287e-17    8.10008911e-07
89.78978979   89.2044237    90.37514964    1.003254317    4.90362133e-17    8.073029444e-07
89.88988989   89.30452488    90.47524868    1.003250693    4.718461962e-17    8.046088999e-07
89.98998999   89.40462605    90.57534772    1.003247077    4.540299714e-17    8.019268662e-07
90.09009009   89.50472721    90.67544677    1.00324347    4.368869944e-17    7.992382066e-07
90.19019019   89.60482838    90.77554582    1.00323987    4.203918031e-17    7.965984765e-07
90.29029029   89.70492954    90.87564487    1.003236278    4.04519899e-17    7.939519432e-07
90.39039039   89.8050307    90.97574392    1.003232694    3.892477109e-17    7.913171769e-07
90.49049049   89.90513186    91.07584297    1.003229118    3.745525601e-17    7.886940225e-07
90.59059059   90.00523302    91.17594203    1.00322555    3.604126259e-17    7.860824578e-07
90.69069069   90.10533417    91.27604109    1.00322199    3.468069136e-17    7.83482372e-07
90.79079079   90.20543533    91.37614015    1.003218437    3.337152231e-17    7.808938095e-07
90.89089089   90.30553647    91.47623922    1.003214893    3.211181188e-17    7.783165929e-07
90.99099099   90.40563762    91.57633828    1.003211356    3.089969006e-17    7.757507001e-07
91.09109109   90.50573877    91.67643735    1.003207827    2.973335759e-17    7.731961089e-07
91.19119119   90.60583991    91.77653642    1.003204306    2.861108332e-17    7.706527086e-07
91.29129129   90.70594105    91.8766355    1.003200792    2.753120159e-17    7.681203884e-07
91.39139139   90.80604219    91.97673457    1.003197287    2.649210978e-17    7.655992589e-07
91.49149149   90.90614332    92.07683365    1.003193788    2.549226589e-17    7.630890987e-07
91.59159159   91.00624446    92.17693273    1.003190298    2.453018627e-17    7.605898635e-07
91.69169169   91.10634559    92.27703181    1.003186815    2.360444341e-17    7.581015753e-07
91.79179179   91.20644671    92.3771309    1.00318334    2.271366379e-17    7.556241455e-07
91.89189189   91.30654784    92.47722999    1.003179872    2.185652588e-17    7.531574412e-07
91.99199199   91.40664897    92.57732907    1.003176412    2.103175812e-17    7.507015067e-07
92.09209209   91.50675009    92.67742817    1.003172959    2.023813706e-17    7.482562312e-07
92.19219219   91.60685121    92.77752726    1.003169514    1.947448552e-17    7.458215482e-07
92.29229229   91.70695232    92.87762636    1.003166077    1.873967087e-17    7.433974134e-07
92.39239239   91.80705344    92.97772545    1.003162646    1.803260331e-17    7.409838047e-07
92.49249249   91.90715455    93.07782455    1.003159224    1.735223424e-17    7.385806333e-07
92.59259259   92.00725566    93.17792365    1.003155808    1.669755476e-17    7.361877664e-07
92.69269269   92.10735677    93.27802276    1.0031524    1.60675941e-17    7.338053368e-07
92.79279279   92.20745788    93.37812187    1.003149    1.546141821e-17    7.314331009e-07
92.89289289   92.30755898    93.47822097    1.003145606    1.487812837e-17    7.290710808e-07
92.99299299   92.40766009    93.57832008    1.00314222    1.431685984e-17    7.267192765e-07
93.09309309   92.50776119    93.6784192    1.003138842    1.377678058e-17    7.243775107e-07
93.19319319   92.60786228    93.77851831    1.00313547    1.325709002e-17    7.220458278e-07
93.29329329   92.70796338    93.87861743    1.003132106    1.275701787e-17    7.19724139e-07
93.39339339   92.80806447    93.97871655    1.003128749    1.227582293e-17    7.174124001e-07
93.49349349   92.90816556    94.07881567    1.003125399    1.181279207e-17    7.151105224e-07
93.59359359   93.00826665    94.17891479    1.003122056    1.136723909e-17    7.128185282e-07
93.69369369   93.10836774    94.27901392    1.003118721    1.093850376e-17    7.105362622e-07
93.79379379   93.20846882    94.37911305    1.003115392    1.052595079e-17    7.082637909e-07
93.89389389   93.30856991    94.47921218    1.003112071    1.012896891e-17    7.060009372e-07
93.99399399   93.40867099    94.57931131    1.003108757    9.746969978e-18    7.037477673e-07
94.09409409   93.50877207    94.67941044    1.00310545    9.379388062e-18    7.015041263e-07
94.19419419   93.60887314    94.77950958    1.003102149    9.025678634e-18    6.992700364e-07
94.29429429   93.70897422    94.87960871    1.003098856    8.685317748e-18    6.97045453e-07
94.39439439   93.80907529    94.97970785    1.00309557    8.357801264e-18    6.948302434e-07
94.49449449   93.90917636    95.079807    1.003092291    8.042644094e-18    6.926244518e-07
94.59459459   94.00927743    95.17990614    1.003089019    7.739379489e-18    6.904279453e-07
94.69469469   94.10937849    95.28000529    1.003085753    7.447558337e-18    6.88240746e-07
94.79479479   94.20947956    95.38010443    1.003082495    7.166748502e-18    6.860627653e-07
94.89489489   94.30958062    95.48020358    1.003079243    6.896534179e-18    6.838940032e-07
94.99499499   94.40968168    95.58030274    1.003075999    6.636515277e-18    6.817342825e-07
95.0950951   94.50978274    95.68040189    1.003072761    6.386306825e-18    6.795837359e-07
95.1951952   94.6098838    95.78050105    1.00306953    6.145538399e-18    6.774421864e-07
95.2952953   94.70998485    95.8806002    1.003066305    5.913853573e-18    6.753096339e-07
95.3953954   94.8100859    95.98069936    1.003063088    5.690909389e-18    6.731859897e-07
95.4954955   94.91018695    96.08079853    1.003059877    5.476375847e-18    6.710713203e-07
95.5955956   95.010288    96.18089769    1.003056673    5.269935419e-18    6.689654042e-07
95.6956957   95.11038904    96.28099686    1.003053476    5.071282569e-18    6.668683299e-07
95.7957958   95.21049009    96.38109602    1.003050285    4.880123309e-18    6.647800532e-07
95.8958959   95.31059113    96.48119519    1.003047101    4.696174756e-18    6.627004411e-07
95.995996   95.41069217    96.58129436    1.003043923    4.519164715e-18    6.606294714e-07
96.0960961   95.51079321    96.68139354    1.003040753    4.348831274e-18    6.585671884e-07
96.1961962   95.61089424    96.78149271    1.003037589    4.184922413e-18    6.56513415e-07
96.2962963   95.71099528    96.88159189    1.003034431    4.027195636e-18    6.544682396e-07
96.3963964   95.81109631    96.98169107    1.00303128    3.875417604e-18    6.524314629e-07
96.4964965   95.91119734    97.08179025    1.003028135    3.729363793e-18    6.504032178e-07
96.5965966   96.01129837    97.18188944    1.003024998    3.588818161e-18    6.483833049e-07
96.6966967   96.1113994    97.28198862    1.003021866    3.453572824e-18    6.463718129e-07
96.7967968   96.21150042    97.38208781    1.003018741    3.323427752e-18    6.443685422e-07
96.8968969   96.31160144    97.482187    1.003015623    3.198190467e-18    6.423736259e-07
96.996997   96.41170246    97.58228619    1.00301251    3.077675763e-18    6.403869088e-07
97.0970971   96.51180348    97.68238538    1.003009405    2.961705426e-18    6.384083688e-07
97.1971972   96.6119045    97.78248457    1.003006305    2.850107975e-18    6.364379393e-07
97.2972973   96.71200551    97.88258377    1.003003213    2.742718403e-18    6.34475687e-07
97.3973974   96.81210653    97.98268297    1.003000126    2.639377934e-18    6.325214344e-07
97.4974975   96.91220754    98.08278217    1.002997046    2.539933789e-18    6.305752037e-07
97.5975976   97.01230855    98.18288137    1.002993972    2.444238957e-18    6.286369507e-07
97.6976977   97.11240955    98.28298057    1.002990904    2.352151976e-18    6.267066753e-07
97.7977978   97.21251056    98.38307978    1.002987843    2.26353673e-18    6.247842446e-07
97.8978979   97.31261156    98.48317899    1.002984788    2.178262238e-18    6.228696807e-07
97.997998   97.41271256    98.5832782    1.002981739    2.096202467e-18    6.209629615e-07
98.0980981   97.51281356    98.68337741    1.002978697    2.017236139e-18    6.19063954e-07
98.1981982   97.61291456    98.78347662    1.00297566    1.94124656e-18    6.171727689e-07
98.2982983   97.71301556    98.88357583    1.00297263    1.868121435e-18    6.152891848e-07
98.3983984   97.81311655    98.98367505    1.002969606    1.797752714e-18    6.134133124e-07
98.4984985   97.91321755    99.08377427    1.002966588    1.730036421e-18    6.115450631e-07
98.5985986   98.01331854    99.18387349    1.002963576    1.66487251e-18    6.096843703e-07
98.6986987   98.11341953    99.28397271    1.002960571    1.602164706e-18    6.078312342e-07
98.7987988   98.21352051    99.38407193    1.002957571    1.541820372e-18    6.059855881e-07
98.8988989   98.3136215    99.48417116    1.002954578    1.483750367e-18    6.0414741e-07
98.998999   98.41372248    99.58427039    1.00295159    1.427868913e-18    6.023166555e-07
99.0990991   98.51382346    99.68436962    1.002948609    1.37409347e-18    6.004932803e-07
99.1991992   98.61392444    99.78446885    1.002945633    1.322344615e-18    5.986773287e-07
99.2992993   98.71402542    99.88456808    1.002942664    1.27254592e-18    5.968685792e-07
99.3993994   98.8141264    99.98466731    1.0029397    1.224623953e-18    5.950671868e-07
99.4994995   98.91422737    100.0847666    1.002936743    1.177101073e-18    5.932729964e-07
99.5995996   99.01432834    100.1848658    1.002933792    1.129460117e-18    5.914860746e-07
99.6996997   99.11442932    100.284965    1.002930846    1.081819161e-18    5.897062217e-07
99.7997998   99.21453029    100.3850643    1.002927906    1.034178204e-18    5.879336153e-07
99.8998999   99.31463125    100.4851635    1.002924973    9.865372466e-19    5.861679892e-07
