0.005     0.264663     35.7746     0.987922     2.74991
0.006     0.287817     32.5768     0.985551     2.75644
0.007     0.308623     30.0861     0.983196     2.76302
0.008     0.327543     28.074     0.980856     2.76966
0.009     0.344901     26.4038     0.97853     2.77634
0.01     0.360936     24.9879     0.97622     2.78308
0.011     0.375827     23.7673     0.973923     2.78987
0.012     0.389718     22.7006     0.971642     2.79672
0.013     0.402722     21.7576     0.969375     2.80362
0.014     0.414932     20.916     0.967123     2.81058
0.015     0.426427     20.1586     0.964885     2.81758
0.016     0.43727     19.4723     0.962662     2.82465
0.017     0.447518     18.8463     0.960452     2.83177
0.018     0.45722     18.2722     0.958258     2.83895
0.019     0.466416     17.7432     0.956077     2.84618
0.02     0.475144     17.2536     0.95391     2.85348
0.021     0.483436     16.7987     0.951758     2.86083
0.022     0.49132     16.3746     0.949619     2.86824
0.023     0.498824     15.9778     0.947495     2.8757
0.024     0.505969     15.6054     0.945384     2.88323
0.025     0.512777     15.2552     0.943288     2.89082
0.026     0.519268     14.9251     0.941205     2.89847
0.027     0.525457     14.6129     0.939136     2.90618
0.028     0.531362     14.3173     0.93708     2.91396
0.029     0.536997     14.0367     0.935039     2.92179
0.03     0.542375     13.77     0.933011     2.92969
0.031     0.547509     13.5159     0.930996     2.93766
0.032     0.552411     13.2736     0.928995     2.94568
0.033     0.55709     13.0422     0.927007     2.95378
0.034     0.561558     12.8208     0.925033     2.96194
0.035     0.565823     12.6086     0.923072     2.97016
0.036     0.569893     12.4052     0.921125     2.97845
0.037     0.573778     12.2099     0.919191     2.98681
0.038     0.577485     12.0224     0.91727     2.99524
0.039     0.581021     11.8418     0.915362     3.00374
0.04     0.584392     11.6678     0.913467     3.0123
0.041     0.587606     11.5001     0.911586     3.02094
0.042     0.590668     11.3385     0.909717     3.02965
0.043     0.593584     11.1823     0.907862     3.03843
0.044     0.596359     11.0313     0.906019     3.04728
0.045     0.598998     10.8853     0.90419     3.05621
0.046     0.601507     10.744     0.902373     3.06521
0.047     0.603889     10.607     0.90057     3.07428
0.048     0.60615     10.4745     0.898779     3.08343
0.049     0.608293     10.3458     0.897     3.09266
0.05     0.610323     10.221     0.895235     3.10196
0.051     0.612243     10.0997     0.893482     3.11134
0.052     0.614057     9.98211     0.891742     3.1208
0.053     0.615768     9.86761     0.890015     3.13033
0.054     0.61738     9.75616     0.8883     3.13995
0.055     0.618896     9.64795     0.886598     3.14965
0.056     0.620318     9.54259     0.884909     3.15943
0.057     0.621651     9.43994     0.883232     3.16929
0.058     0.622896     9.33991     0.881567     3.17924
0.059     0.624057     9.24238     0.879915     3.18927
0.06     0.625135     9.14724     0.878276     3.19938
0.061     0.626135     9.05436     0.876649     3.20958
0.062     0.627056     8.96398     0.875034     3.21987
0.063     0.627903     8.8757     0.873431     3.23024
0.064     0.628678     8.78937     0.871841     3.24071
0.065     0.629381     8.70485     0.870263     3.25126
0.066     0.630017     8.62268     0.868698     3.2619
0.067     0.630585     8.54208     0.867145     3.27264
0.068     0.631089     8.46328     0.865604     3.28346
0.069     0.631531     8.38631     0.864075     3.29438
0.07     0.631911     8.3108     0.862558     3.3054
0.071     0.632232     8.23713     0.861054     3.3165
0.072     0.632496     8.16484     0.859561     3.32771
0.073     0.632703     8.09409     0.858081     3.33901
0.074     0.632857     8.02489     0.856613     3.35041
0.075     0.632957     7.95679     0.855157     3.36191
0.076     0.633005     7.89042     0.853713     3.37351
0.077     0.633004     7.82526     0.852282     3.38521
0.078     0.632954     7.76118     0.850862     3.39701
0.079     0.632856     7.69845     0.849454     3.40892
0.08     0.632713     7.63709     0.848058     3.42093
0.081     0.632524     7.57677     0.846674     3.43305
0.082     0.632292     7.51751     0.845303     3.44527
0.083     0.632017     7.45928     0.843943     3.4576
0.084     0.631701     7.40215     0.842595     3.47004
0.085     0.631344     7.34625     0.841259     3.4826
0.086     0.630949     7.29131     0.839935     3.49526
0.087     0.630515     7.23732     0.838623     3.50803
0.088     0.630043     7.18426     0.837323     3.52092
0.089     0.629536     7.13213     0.836034     3.53393
0.09     0.628993     7.08089     0.834758     3.54705
0.091     0.628416     7.03052     0.833493     3.56029
0.092     0.627806     6.98101     0.83224     3.57364
0.093     0.627162     6.93233     0.830999     3.58712
0.094     0.626487     6.88447     0.82977     3.60072
0.095     0.625781     6.83738     0.828553     3.61444
0.096     0.625045     6.79105     0.827348     3.62829
0.097     0.62428     6.74545     0.826154     3.64226
0.098     0.623486     6.70055     0.824973     3.65636
0.099     0.622664     6.65647     0.823803     3.67059
0.1     0.621815     6.61322     0.822645     3.68494
0.101     0.620939     6.57061     0.821498     3.69943
0.102     0.620038     6.52863     0.820364     3.71406
0.103     0.619111     6.48722     0.819241     3.72881
0.104     0.61816     6.44638     0.81813     3.7437
0.105     0.617185     6.4062     0.817031     3.75873
0.106     0.616187     6.3669     0.815944     3.7739
0.107     0.615166     6.32809     0.814868     3.78921
0.108     0.614123     6.28972     0.813805     3.80466
0.109     0.613059     6.25178     0.812753     3.82025
0.11     0.611974     6.21482     0.811712     3.83599
0.111     0.610868     6.17831     0.810684     3.85188
0.112     0.609742     6.14214     0.809668     3.86792
0.113     0.608597     6.10646     0.808663     3.8841
0.114     0.607433     6.07167     0.80767     3.90044
0.115     0.606251     6.03714     0.806689     3.91693
0.116     0.605051     6.00284     0.80572     3.93358
0.117     0.603834     5.96961     0.804762     3.95038
0.118     0.602599     5.93657     0.803817     3.96735
0.119     0.601348     5.90372     0.802883     3.98447
0.12     0.600081     5.8719     0.801961     4.00176
0.121     0.598798     5.84019     0.801051     4.01921
0.122     0.5975     5.80886     0.800152     4.03683
0.123     0.596187     5.77828     0.799266     4.05462
0.124     0.59486     5.74772     0.798391     4.07258
0.125     0.593519     5.71796     0.797529     4.09071
0.126     0.592164     5.68844     0.796678     4.10902
0.127     0.590796     5.65921     0.795839     4.1275
0.128     0.589414     5.63069     0.795012     4.14616
0.129     0.588021     5.60206     0.794197     4.16501
0.13     0.586615     5.57446     0.793394     4.18403
0.131     0.585197     5.54673     0.792602     4.20325
0.132     0.583767     5.51973     0.791823     4.22264
0.133     0.582327     5.49284     0.791056     4.24223
0.134     0.580875     5.46646     0.7903     4.26202
0.135     0.579413     5.44037     0.789557     4.28199
0.136     0.577941     5.41463     0.788825     4.30216
0.137     0.576458     5.38928     0.788106     4.32253
0.138     0.574966     5.36422     0.787399     4.34311
0.139     0.573465     5.33954     0.786703     4.36388
0.14     0.571954     5.31516     0.78602     4.38487
0.141     0.570435     5.29111     0.785349     4.40606
0.142     0.568907     5.26743     0.78469     4.42746
0.143     0.567371     5.24394     0.784042     4.44908
0.144     0.565827     5.22098     0.783408     4.47092
0.145     0.564275     5.19799     0.782785     4.49297
0.146     0.562716     5.17575     0.782174     4.51524
0.147     0.561149     5.15323     0.781575     4.53774
0.148     0.559575     5.1317     0.780989     4.56047
0.149     0.557995     5.10994     0.780415     4.58343
0.15     0.556408     5.08876     0.779853     4.60662
0.151     0.554815     5.06777     0.779303     4.63004
0.152     0.553216     5.04689     0.778766     4.65371
0.153     0.551611     5.02666     0.77824     4.67762
0.154     0.55     5.00622     0.777727     4.70177
0.155     0.548384     4.98655     0.777227     4.72617
0.156     0.546763     4.96691     0.776738     4.75082
0.157     0.545137     4.94738     0.776262     4.77572
0.158     0.543506     4.92853     0.775799     4.80088
0.159     0.541871     4.9095     0.775347     4.8263
0.16     0.540231     4.89101     0.774908     4.85199
0.161     0.538587     4.87279     0.774482     4.87794
0.162     0.53694     4.85441     0.774068     4.90416
0.163     0.535288     4.83687     0.773666     4.93066
0.164     0.533633     4.81931     0.773277     4.95743
0.165     0.531975     4.80168     0.7729     4.98449
0.166     0.530313     4.78493     0.772536     5.01183
0.167     0.528649     4.76807     0.772184     5.03945
0.168     0.526982     4.75118     0.771845     5.06737
0.169     0.525312     4.73514     0.771518     5.09558
0.17     0.52364     4.71901     0.771204     5.12409
0.171     0.521965     4.70279     0.770903     5.1529
0.172     0.520289     4.68745     0.770614     5.18202
0.173     0.51861     4.67206     0.770338     5.21145
0.174     0.51693     4.65661     0.770074     5.2412
0.175     0.515248     4.64178     0.769823     5.27126
0.176     0.513565     4.62716     0.769585     5.30164
0.177     0.511881     4.6125     0.769359     5.33235
0.178     0.510195     4.59807     0.769146     5.36339
0.179     0.508509     4.58423     0.768946     5.39477
0.18     0.506822     4.57036     0.768759     5.42649
0.181     0.505134     4.55648     0.768584     5.45854
0.182     0.503446     4.54316     0.768422     5.49095
0.183     0.501758     4.5301     0.768273     5.52371
0.184     0.50007     4.51704     0.768137     5.55682
0.185     0.498382     4.50399     0.768013     5.5903
0.186     0.496694     4.49163     0.767903     5.62414
0.187     0.495007     4.47939     0.767805     5.65836
0.188     0.49332     4.46717     0.76772     5.69295
0.189     0.491633     4.45499     0.767647     5.72792
0.19     0.489948     4.44341     0.767588     5.76327
0.191     0.488264     4.43203     0.767542     5.79902
0.192     0.486581     4.4207     0.767508     5.83516
0.193     0.484899     4.40941     0.767487     5.8717
0.194     0.483219     4.39843     0.767479     5.90864
0.195     0.48154     4.38794     0.767484     5.946
0.196     0.479863     4.37751     0.767502     5.98377
0.197     0.478188     4.36716     0.767533     6.02196
0.198     0.476516     4.35688     0.767576     6.06058
0.199     0.474845     4.34701     0.767633     6.09964
0.2     0.473177     4.33751     0.767702     6.13913
0.201     0.471512     4.3281     0.767785     6.17906
0.202     0.469849     4.31878     0.76788     6.21945
0.203     0.468189     4.30955     0.767988     6.26028
0.204     0.466532     4.30054     0.768108     6.30158
0.205     0.464878     4.29208     0.768242     6.34335
0.206     0.463228     4.28372     0.768389     6.38559
0.207     0.461581     4.27548     0.768548     6.42831
0.208     0.459938     4.26736     0.76872     6.47151
0.209     0.458298     4.25936     0.768905     6.5152
0.21     0.456663     4.25153     0.769102     6.5594
0.211     0.455032     4.24427     0.769313     6.60409
0.212     0.453405     4.23714     0.769536     6.6493
0.213     0.451782     4.23015     0.769771     6.69502
0.214     0.450164     4.22329     0.77002     6.74127
0.215     0.448551     4.21659     0.77028     6.78805
0.216     0.446942     4.21003     0.770554     6.83536
0.217     0.445339     4.20364     0.77084     6.88322
0.218     0.443741     4.19769     0.771138     6.93163
0.219     0.442148     4.19199     0.771449     6.9806
0.22     0.440561     4.18645     0.771773     7.03014
0.221     0.438979     4.18108     0.772109     7.08024
0.222     0.437403     4.17587     0.772457     7.13093
0.223     0.435834     4.17085     0.772817     7.1822
0.224     0.434271     4.166     0.773189     7.23406
0.225     0.432714     4.16133     0.773574     7.28653
0.226     0.431163     4.15685     0.773971     7.33961
0.227     0.429619     4.15256     0.774379     7.39331
0.228     0.428082     4.14868     0.7748     7.44763
0.229     0.426553     4.14502     0.775232     7.50258
0.23     0.42503     4.14156     0.775677     7.55817
0.231     0.423515     4.13828     0.776133     7.61441
0.232     0.422007     4.1352     0.7766     7.67131
0.233     0.420507     4.13233     0.777079     7.72888
0.234     0.419015     4.12965     0.77757     7.78711
0.235     0.417531     4.12718     0.778071     7.84603
0.236     0.416056     4.12493     0.778584     7.90564
0.237     0.414589     4.12288     0.779108     7.96595
0.238     0.41313     4.12105     0.779643     8.02696
0.239     0.411681     4.11944     0.780189     8.08869
0.24     0.41024     4.11804     0.780746     8.15115
0.241     0.408809     4.11687     0.781313     8.21434
0.242     0.407387     4.11592     0.78189     8.27827
0.243     0.405974     4.1152     0.782478     8.34295
0.244     0.404571     4.1147     0.783077     8.40839
0.245     0.403179     4.11443     0.783685     8.4746
0.246     0.401796     4.11439     0.784303     8.54159
0.247     0.400424     4.11458     0.784931     8.60937
0.248     0.399062     4.115     0.785568     8.67795
0.249     0.397711     4.11565     0.786215     8.74733
0.25     0.396371     4.11654     0.786871     8.81754
0.251     0.395042     4.11765     0.787537     8.88856
0.252     0.393724     4.119     0.788211     8.96043
0.253     0.392418     4.12058     0.788893     9.03314
0.254     0.391123     4.12239     0.789585     9.10671
0.255     0.389841     4.12443     0.790284     9.18114
0.256     0.38857     4.12671     0.790992     9.25645
0.257     0.387312     4.12921     0.791707     9.33265
0.258     0.386066     4.13193     0.79243     9.40975
0.259     0.384833     4.13489     0.79316     9.48775
0.26     0.383613     4.13806     0.793898     9.56668
0.261     0.382406     4.14146     0.794643     9.64653
0.262     0.381213     4.14508     0.795394     9.72732
0.263     0.380032     4.14892     0.796152     9.80907
0.264     0.378866     4.15303     0.796916     9.89178
0.265     0.377713     4.15754     0.797686     9.97546
0.266     0.376575     4.16228     0.798461     10.0601
0.267     0.375451     4.16724     0.799242     10.1458
0.268     0.374341     4.17241     0.800029     10.2325
0.269     0.373246     4.17779     0.80082     10.3201
0.27     0.372166     4.18337     0.801615     10.4089
0.271     0.371102     4.18916     0.802415     10.4986
0.272     0.370052     4.19514     0.803219     10.5895
0.273     0.369018     4.20131     0.804027     10.6813
0.274     0.368     4.20799     0.804838     10.7743
0.275     0.366997     4.21492     0.805652     10.8684
0.276     0.366011     4.22202     0.806469     10.9636
0.277     0.365041     4.22931     0.807289     11.0599
0.278     0.364087     4.23677     0.80811     11.1573
0.279     0.363151     4.24439     0.808934     11.2559
0.28     0.362231     4.25218     0.809758     11.3556
0.281     0.361328     4.26058     0.810584     11.4565
0.282     0.360442     4.26913     0.811411     11.5586
0.283     0.359573     4.27783     0.812239     11.6619
0.284     0.358722     4.28667     0.813066     11.7665
0.285     0.357889     4.29564     0.813894     11.8723
0.286     0.357074     4.30488     0.814721     11.9793
0.287     0.356277     4.31462     0.815547     12.0876
0.288     0.355498     4.32447     0.816371     12.1972
0.289     0.354737     4.33443     0.817195     12.3081
0.29     0.353995     4.34448     0.818016     12.4203
0.291     0.353272     4.35477     0.818835     12.5338
0.292     0.352567     4.36556     0.819652     12.6487
0.293     0.351881     4.37644     0.820465     12.765
0.294     0.351215     4.38738     0.821276     12.8827
0.295     0.350567     4.39838     0.822082     13.0019
0.296     0.349939     4.40983     0.822885     13.1224
0.297     0.34933     4.42154     0.823683     13.2445
0.298     0.348741     4.43328     0.824477     13.368
0.299     0.348171     4.44504     0.825266     13.4931
0.3     0.347622     4.45707     0.826049     13.6197
0.301     0.346687     4.48889     0.827851     13.788
0.302     0.346186     4.5018     0.828638     13.9174
0.303     0.345706     4.51502     0.829418     14.0482
0.304     0.345246     4.52826     0.830191     14.1806
0.305     0.344807     4.54176     0.830957     14.3144
0.306     0.344389     4.55532     0.831715     14.4498
0.307     0.343992     4.56906     0.832466     14.5867
0.308     0.343616     4.5829     0.833208     14.7251
0.309     0.34326     4.59684     0.833942     14.8651
0.31     0.342925     4.61095     0.834667     15.0067
0.311     0.342611     4.62506     0.835382     15.1499
0.312     0.342318     4.63939     0.836089     15.2947
0.313     0.342046     4.65369     0.836786     15.4411
0.314     0.341794     4.66816     0.837472     15.5892
0.315     0.341564     4.68265     0.838149     15.739
0.316     0.341353     4.69719     0.838815     15.8904
0.317     0.341164     4.71183     0.839471     16.0436
0.318     0.340995     4.7264     0.840115     16.1984
0.319     0.340846     4.74115     0.840748     16.355
0.32     0.340718     4.75582     0.84137     16.5134
0.321     0.340609     4.77054     0.84198     16.6736
0.322     0.340521     4.78527     0.842579     16.8355
0.323     0.340453     4.79992     0.843165     16.9993
0.324     0.340404     4.81467     0.843739     17.165
0.325     0.340375     4.82929     0.844301     17.3325
0.326     0.340365     4.84395     0.84485     17.5018
0.327     0.340374     4.85853     0.845387     17.6731
0.328     0.340402     4.87302     0.845911     17.8464
0.329     0.340449     4.88752     0.846422     18.0215
0.33     0.340514     4.90183     0.84692     18.1987
0.331     0.340598     4.9162     0.847405     18.3779
0.332     0.340699     4.93037     0.847877     18.5591
0.333     0.340818     4.94449     0.848336     18.7423
0.334     0.340954     4.95847     0.848781     18.9276
0.335     0.341108     4.97231     0.849213     19.1151
0.336     0.341278     4.98608     0.849632     19.3047
0.337     0.341464     4.99962     0.850037     19.4964
0.338     0.341667     5.01312     0.850429     19.6904
0.339     0.341885     5.02633     0.850807     19.8865
0.34     0.342119     5.03952     0.851172     20.085
0.341     0.342368     5.05241     0.851524     20.2857
0.342     0.342631     5.06523     0.851862     20.4887
0.343     0.342909     5.07775     0.852187     20.6941
0.344     0.3432     5.09019     0.852499     20.9019
0.345     0.343505     5.10231     0.852797     21.1121
0.346     0.343823     5.11435     0.853082     21.3248
0.347     0.344154     5.12603     0.853355     21.54
0.348     0.344497     5.13763     0.853614     21.7577
0.349     0.344851     5.1489     0.853861     21.9781
0.35     0.345218     5.16001     0.854094     22.201
0.351     0.345595     5.17083     0.854315     22.4267
0.352     0.345983     5.18143     0.854524     22.655
0.353     0.34638     5.1918     0.85472     22.8862
0.354     0.346788     5.20184     0.854904     23.1202
0.355     0.347205     5.21175     0.855076     23.357
0.356     0.34763     5.22131     0.855236     23.5968
0.357     0.348064     5.23064     0.855384     23.8396
0.358     0.348506     5.23973     0.85552     24.0854
0.359     0.348956     5.24849     0.855645     24.3344
0.36     0.349412     5.25705     0.855759     24.5865
0.361     0.349875     5.26533     0.855861     24.8419
0.362     0.350344     5.27328     0.855952     25.1006
0.363     0.350819     5.28102     0.856033     25.3628
0.364     0.3513     5.28849     0.856103     25.6284
0.365     0.351785     5.29565     0.856163     25.8976
0.366     0.352275     5.30251     0.856212     26.1705
0.367     0.352768     5.30919     0.856252     26.4472
0.368     0.353266     5.31555     0.856282     26.7277
0.369     0.353766     5.32161     0.856302     27.0123
0.37     0.35427     5.32739     0.856312     27.301
0.371     0.354776     5.33297     0.856313     27.5939
0.372     0.355284     5.33825     0.856305     27.8912
0.373     0.355794     5.34324     0.856289     28.193
0.374     0.356305     5.34794     0.856263     28.4995
0.375     0.356817     5.35239     0.856229     28.8109
0.376     0.358243     5.3621     0.856045     29.1117
0.377     0.358771     5.36592     0.855987     29.4194
0.378     0.359298     5.36949     0.85592     29.7308
0.379     0.359824     5.37279     0.855846     30.046
0.38     0.360349     5.37584     0.855765     30.3651
0.381     0.360872     5.37866     0.855677     30.6881
0.382     0.361394     5.38123     0.855582     31.015
0.383     0.361913     5.38356     0.855481     31.346
0.384     0.362429     5.38565     0.855374     31.6811
0.385     0.362942     5.38751     0.85526     32.0203
0.386     0.363453     5.38915     0.855141     32.3637
0.387     0.363959     5.39057     0.855016     32.7114
0.388     0.364462     5.39178     0.854886     33.0634
0.389     0.36496     5.39277     0.85475     33.4198
0.39     0.365455     5.39356     0.85461     33.7807
0.391     0.365944     5.39414     0.854465     34.1461
0.392     0.366429     5.39452     0.854315     34.5161
0.393     0.366908     5.39471     0.854161     34.8908
0.394     0.367383     5.39471     0.854003     35.2703
0.395     0.367851     5.39453     0.853841     35.6546
0.396     0.368314     5.39417     0.853676     36.0438
0.397     0.368771     5.39363     0.853507     36.438
0.398     0.369222     5.39293     0.853334     36.8373
0.399     0.369666     5.39207     0.853159     37.2417
0.4     0.370104     5.39104     0.852981     37.6514
0.401     0.370535     5.38986     0.8528     38.0664
0.402     0.370959     5.38853     0.852617     38.4868
0.403     0.371377     5.38707     0.852431     38.9128
0.404     0.371787     5.38547     0.852243     39.3444
0.405     0.37219     5.38374     0.852053     39.7817
0.406     0.372586     5.38187     0.851861     40.2248
0.407     0.372974     5.37988     0.851668     40.6739
0.408     0.373355     5.37776     0.851473     41.1291
0.409     0.373728     5.37553     0.851277     41.5904
0.41     0.374093     5.3732     0.85108     42.058
0.411     0.374451     5.37077     0.850882     42.532
0.412     0.3748     5.36823     0.850683     43.0126
0.413     0.375142     5.36559     0.850484     43.5
0.414     0.375476     5.36285     0.850283     43.9941
0.415     0.375802     5.36004     0.850083     44.4953
0.416     0.376119     5.35715     0.849882     45.0036
0.417     0.376429     5.35417     0.849681     45.5193
0.418     0.37673     5.3511     0.84948     46.0425
0.419     0.377023     5.34799     0.84928     46.5734
0.42     0.377309     5.34481     0.849079     47.1122
0.421     0.377585     5.34155     0.848879     47.6592
0.422     0.377854     5.33822     0.84868     48.2145
0.423     0.378115     5.33487     0.848481     48.7785
0.424     0.378367     5.33145     0.848283     49.3513
0.425     0.378611     5.32797     0.848086     49.9333
0.426     0.379111     5.319     0.847617     50.6145
0.427     0.379338     5.31532     0.847418     51.2021
0.428     0.379557     5.31161     0.84722     51.7976
0.429     0.379768     5.30787     0.847023     52.4012
0.43     0.37997     5.30409     0.846828     53.013
0.431     0.380165     5.30029     0.846634     53.633
0.432     0.380351     5.29648     0.846442     54.2615
0.433     0.38053     5.29264     0.846251     54.8986
0.434     0.380701     5.28879     0.846063     55.5443
0.435     0.380864     5.28492     0.845876     56.1989
0.436     0.381019     5.28105     0.845692     56.8625
0.437     0.381166     5.27717     0.845509     57.5351
0.438     0.381306     5.27329     0.845329     58.2171
0.439     0.381439     5.2694     0.845151     58.9084
0.44     0.381564     5.26552     0.844975     59.6093
0.441     0.381682     5.26164     0.844802     60.3199
0.442     0.381793     5.25777     0.844631     61.0403
0.443     0.381896     5.25391     0.844462     61.7708
0.444     0.381992     5.25006     0.844296     62.5114
0.445     0.382082     5.24623     0.844132     63.2624
0.446     0.382165     5.24241     0.843972     64.0239
0.447     0.382241     5.23861     0.843814     64.7962
0.448     0.38231     5.23483     0.843658     65.5793
0.449     0.382373     5.23107     0.843506     66.3735
0.45     0.38243     5.22734     0.843356     67.1789
0.451     0.38248     5.22364     0.843209     67.9958
0.452     0.382524     5.21996     0.843065     68.8243
0.453     0.382562     5.21632     0.842924     69.6647
0.454     0.382594     5.2127     0.842786     70.5172
0.455     0.38262     5.20913     0.84265     71.382
0.456     0.382641     5.20558     0.842518     72.2593
0.457     0.382656     5.20208     0.842389     73.1494
0.458     0.382666     5.19861     0.842263     74.0524
0.459     0.38267     5.19518     0.84214     74.9688
0.46     0.382669     5.1918     0.84202     75.8987
0.461     0.382663     5.18845     0.841903     76.8424
0.462     0.382652     5.18515     0.841789     77.8002
0.463     0.382637     5.18189     0.841679     78.7724
0.464     0.382616     5.17869     0.841571     79.7593
0.465     0.382591     5.17552     0.841467     80.7613
0.466     0.382562     5.17241     0.841366     81.7787
0.467     0.382528     5.16934     0.841267     82.8119
0.468     0.38249     5.16633     0.841172     83.8612
0.469     0.382448     5.16336     0.841081     84.9271
0.47     0.382402     5.16045     0.840992     86.01
0.471     0.382352     5.15759     0.840906     87.1104
0.472     0.382298     5.15478     0.840824     88.2288
0.473     0.382241     5.15203     0.840744     89.3657
0.474     0.38218     5.14933     0.840668     90.5216
0.475     0.382012     5.14384     0.840528     91.973
0.476     0.381941     5.14123     0.840458     93.1519
0.477     0.381866     5.13868     0.840392     94.3482
0.478     0.381789     5.13618     0.840329     95.562
0.479     0.381708     5.13375     0.840268     96.7937
0.48     0.381625     5.13137     0.840211     98.0436
0.481     0.38154     5.12905     0.840156     99.3119
0.482     0.381452     5.12679     0.840105     100.599
0.483     0.381362     5.12459     0.840056     101.905
0.484     0.381269     5.12245     0.840011     103.23
0.485     0.381175     5.12036     0.839968     104.575
0.486     0.381078     5.11834     0.839928     105.94
0.487     0.38098     5.11638     0.839891     107.326
0.488     0.38088     5.11447     0.839856     108.732
0.489     0.380778     5.11263     0.839825     110.158
0.49     0.380675     5.11085     0.839796     111.607
0.491     0.380571     5.10912     0.839769     113.077
0.492     0.380465     5.10745     0.839746     114.569
0.493     0.380358     5.10585     0.839724     116.083
0.494     0.38025     5.1043     0.839706     117.62
0.495     0.380141     5.10281     0.83969     119.181
0.496     0.380031     5.10138     0.839676     120.765
0.497     0.379921     5.10001     0.839664     122.373
0.498     0.37981     5.09869     0.839655     124.005
0.499     0.379699     5.09743     0.839648     125.662
0.5     0.379587     5.09623     0.839644     127.345
0.501     0.379474     5.09509     0.839642     129.054
0.502     0.379362     5.094     0.839641     130.788
0.503     0.379249     5.09297     0.839643     132.55
0.504     0.379137     5.09199     0.839647     134.339
0.505     0.379024     5.09107     0.839653     136.155
0.506     0.378912     5.0902     0.839661     138
0.507     0.3788     5.08938     0.83967     139.874
0.508     0.378688     5.08862     0.839682     141.778
0.509     0.378576     5.0879     0.839695     143.711
0.51     0.378466     5.08724     0.83971     145.676
0.511     0.378355     5.08663     0.839727     147.672
0.512     0.378245     5.08607     0.839745     149.7
0.513     0.378136     5.08556     0.839765     151.761
0.514     0.378028     5.0851     0.839787     153.856
0.515     0.37792     5.08468     0.839809     155.986
0.516     0.377814     5.08432     0.839834     158.151
0.517     0.377708     5.08399     0.839859     160.353
0.518     0.377604     5.08372     0.839886     162.593
0.519     0.3775     5.08349     0.839914     164.871
0.52     0.377398     5.0833     0.839944     167.189
0.521     0.377297     5.08315     0.839974     169.548
0.522     0.377197     5.08305     0.840006     171.949
0.523     0.377098     5.08299     0.840039     174.395
0.524     0.377001     5.08297     0.840073     176.886
0.525     0.376905     5.08298     0.840107     179.424
0.526     0.376702     5.08327     0.84019     182.488
0.527     0.376608     5.08339     0.840228     185.06
0.528     0.376516     5.08355     0.840266     187.673
0.529     0.376425     5.08374     0.840305     190.327
0.53     0.376336     5.08396     0.840345     193.023
0.531     0.376249     5.08422     0.840386     195.761
0.532     0.376163     5.08451     0.840427     198.542
0.533     0.376079     5.08483     0.840468     201.367
0.534     0.375997     5.08518     0.84051     204.236
0.535     0.375917     5.08556     0.840553     207.151
0.536     0.375839     5.08597     0.840595     210.112
0.537     0.375762     5.0864     0.840638     213.12
0.538     0.375688     5.08687     0.840682     216.176
0.539     0.375615     5.08735     0.840725     219.281
0.54     0.375544     5.08786     0.840769     222.435
0.541     0.375475     5.08839     0.840813     225.64
0.542     0.375409     5.08894     0.840856     228.895
0.543     0.375344     5.08952     0.8409     232.203
0.544     0.375281     5.09011     0.840944     235.565
0.545     0.37522     5.09072     0.840988     238.98
0.546     0.375161     5.09135     0.841032     242.451
0.547     0.375104     5.09199     0.841076     245.978
0.548     0.375049     5.09265     0.841119     249.562
0.549     0.374997     5.09332     0.841162     253.205
0.55     0.374946     5.09401     0.841205     256.908
0.551     0.374897     5.09471     0.841248     260.672
0.552     0.37485     5.09542     0.841291     264.498
0.553     0.374805     5.09614     0.841333     268.387
0.554     0.374762     5.09687     0.841375     272.342
0.555     0.37472     5.09761     0.841416     276.363
0.556     0.374681     5.09836     0.841457     280.452
0.557     0.374644     5.09911     0.841498     284.611
0.558     0.374609     5.09987     0.841538     288.842
0.559     0.374575     5.10064     0.841577     293.146
0.56     0.374543     5.1014     0.841616     297.525
0.561     0.374514     5.10218     0.841655     301.982
0.562     0.374486     5.10295     0.841693     306.518
0.563     0.37446     5.10373     0.84173     311.136
0.564     0.374435     5.1045     0.841767     315.839
0.565     0.374413     5.10528     0.841803     320.629
0.566     0.374392     5.10606     0.841838     325.509
0.567     0.374373     5.10683     0.841873     330.484
0.568     0.374356     5.10761     0.841907     335.555
0.569     0.37434     5.10838     0.84194     340.728
0.57     0.374326     5.10915     0.841973     346.007
0.571     0.374313     5.10991     0.842005     351.396
0.572     0.374303     5.11067     0.842036     356.901
0.573     0.374294     5.11143     0.842067     362.528
0.574     0.374286     5.11218     0.842096     368.283
0.575     0.374272     5.11381     0.84216     374.308
0.576     0.374268     5.11456     0.842188     380.02
0.577     0.374265     5.11529     0.842216     385.828
0.578     0.374264     5.11602     0.842243     391.732
0.579     0.374263     5.11674     0.842268     397.735
0.58     0.374265     5.11744     0.842293     403.838
0.581     0.374267     5.11814     0.842318     410.043
0.582     0.374271     5.11883     0.842341     416.352
0.583     0.374275     5.1195     0.842364     422.767
0.584     0.374281     5.12016     0.842385     429.29
0.585     0.374288     5.12081     0.842406     435.923
0.586     0.374296     5.12145     0.842426     442.667
0.587     0.374305     5.12208     0.842445     449.526
0.588     0.374316     5.12269     0.842464     456.502
0.589     0.374327     5.12329     0.842482     463.596
0.59     0.374339     5.12388     0.842498     470.812
0.591     0.374351     5.12445     0.842514     478.151
0.592     0.374365     5.12501     0.84253     485.617
0.593     0.374379     5.12556     0.842544     493.211
0.594     0.374395     5.12609     0.842558     500.938
0.595     0.37441     5.1266     0.842571     508.799
0.596     0.374427     5.12711     0.842583     516.798
0.597     0.374444     5.12759     0.842594     524.939
0.598     0.374462     5.12806     0.842605     533.224
0.599     0.37448     5.12852     0.842615     541.657
0.6     0.374499     5.12896     0.842624     550.243
0.601     0.374519     5.12939     0.842632     558.984
0.602     0.374538     5.1298     0.84264     567.886
0.603     0.374559     5.1302     0.842647     576.954
0.604     0.374579     5.13058     0.842654     586.192
0.605     0.3746     5.13095     0.842659     595.605
0.606     0.374622     5.1313     0.842664     605.2
0.607     0.374643     5.13164     0.842669     614.983
0.608     0.374665     5.13196     0.842673     624.961
0.609     0.374688     5.13227     0.842676     635.141
0.61     0.37471     5.13256     0.842678     645.531
0.611     0.374732     5.13284     0.84268     656.142
0.612     0.374755     5.1331     0.842682     666.982
0.613     0.374778     5.13335     0.842683     678.064
0.614     0.374801     5.13358     0.842683     689.4
0.615     0.374824     5.1338     0.842683     701.005
0.616     0.374847     5.134     0.842682     712.895
0.617     0.374871     5.13419     0.84268     725.088
0.618     0.374894     5.13437     0.842679     737.608
0.619     0.374917     5.13453     0.842676     750.477
0.62     0.37494     5.13468     0.842673     763.728
0.621     0.374989     5.13504     0.842669     773.719
0.622     0.375012     5.13516     0.842666     786.358
0.623     0.375034     5.13528     0.842662     799.219
0.624     0.375057     5.13537     0.842657     812.307
0.625     0.375079     5.13546     0.842652     825.627
0.626     0.375101     5.13553     0.842647     839.182
0.627     0.375123     5.1356     0.842642     852.979
0.628     0.375144     5.13565     0.842636     867.021
0.629     0.375166     5.13569     0.84263     881.315
0.63     0.375187     5.13572     0.842624     895.864
0.631     0.375207     5.13574     0.842617     910.675
0.632     0.375228     5.13575     0.842611     925.754
0.633     0.375248     5.13575     0.842604     941.105
0.634     0.375267     5.13574     0.842596     956.736
0.635     0.375287     5.13573     0.842589     972.654
0.636     0.375305     5.1357     0.842581     988.863
0.637     0.375324     5.13566     0.842574     1005.37
0.638     0.375342     5.13562     0.842566     1022.19
0.639     0.37536     5.13557     0.842558     1039.32
0.64     0.375377     5.13551     0.84255     1056.78
0.641     0.375394     5.13545     0.842541     1074.57
0.642     0.37541     5.13537     0.842533     1092.71
0.643     0.375426     5.13529     0.842525     1111.19
0.644     0.375442     5.13521     0.842516     1130.05
0.645     0.375457     5.13512     0.842508     1149.28
0.646     0.375471     5.13502     0.842499     1168.9
0.647     0.375485     5.13492     0.84249     1188.92
0.648     0.375499     5.13481     0.842482     1209.37
0.649     0.375512     5.13469     0.842473     1230.25
0.65     0.375525     5.13458     0.842464     1251.59
0.651     0.375537     5.13445     0.842455     1273.41
0.652     0.375549     5.13433     0.842447     1295.74
0.653     0.375561     5.1342     0.842438     1318.59
0.654     0.375572     5.13406     0.842429     1342.01
0.655     0.375582     5.13392     0.842421     1366.02
0.656     0.375592     5.13378     0.842412     1390.67
0.657     0.375601     5.13363     0.842404     1416.01
0.658     0.37561     5.13348     0.842395     1442.08
0.659     0.375619     5.13333     0.842387     1468.96
0.66     0.375627     5.13318     0.842378     1496.71
0.661     0.375645     5.13289     0.842361     1516.24
0.662     0.375652     5.13273     0.842353     1542.46
0.663     0.375659     5.13258     0.842345     1569.16
0.664     0.375665     5.13242     0.842338     1596.36
0.665     0.375671     5.13226     0.84233     1624.06
0.666     0.375677     5.13211     0.842322     1652.28
0.667     0.375682     5.13195     0.842315     1681.03
0.668     0.375686     5.13179     0.842308     1710.32
0.669     0.375691     5.13164     0.842301     1740.15
0.67     0.375695     5.13148     0.842294     1770.55
0.671     0.375698     5.13132     0.842287     1801.53
0.672     0.375701     5.13117     0.84228     1833.09
0.673     0.375704     5.13102     0.842274     1865.26
0.674     0.375706     5.13086     0.842268     1898.04
0.675     0.375708     5.13071     0.842261     1931.46
0.676     0.37571     5.13056     0.842255     1965.53
0.677     0.375711     5.13042     0.84225     2000.27
0.678     0.375712     5.13027     0.842244     2035.69
0.679     0.375713     5.13013     0.842239     2071.82
0.68     0.375713     5.12998     0.842233     2108.68
0.681     0.375713     5.12984     0.842228     2146.29
0.682     0.375713     5.12971     0.842224     2184.68
0.683     0.375712     5.12957     0.842219     2223.87
0.684     0.375712     5.12944     0.842214     2263.9
0.685     0.375711     5.12931     0.84221     2304.79
0.686     0.375709     5.12918     0.842206     2346.58
0.687     0.375708     5.12905     0.842202     2389.32
0.688     0.375706     5.12893     0.842198     2433.04
0.689     0.375704     5.12881     0.842195     2477.8
0.69     0.375702     5.1287     0.842191     2523.65
0.691     0.3757     5.12858     0.842188     2570.65
0.692     0.375697     5.12847     0.842185     2618.89
0.693     0.375694     5.12837     0.842182     2668.44
0.694     0.375691     5.12826     0.842179     2719.4
0.695     0.375688     5.12816     0.842177     2771.89
0.696     0.375684     5.12806     0.842175     2826.04
0.697     0.375681     5.12797     0.842172     2882.03
0.698     0.375677     5.12788     0.84217     2940.04
0.699     0.375673     5.12779     0.842169     3000.34
0.7     0.375667     5.1276     0.842164     3032.22
0.701     0.375663     5.12752     0.842163     3087.5
0.702     0.375659     5.12744     0.842161     3143.85
0.703     0.375655     5.12737     0.84216     3201.3
0.704     0.375651     5.1273     0.842159     3259.87
0.705     0.375647     5.12723     0.842158     3319.59
0.706     0.375643     5.12717     0.842157     3380.47
0.707     0.375638     5.12711     0.842157     3442.56
0.708     0.375634     5.12705     0.842156     3505.87
0.709     0.375629     5.127     0.842156     3570.44
0.71     0.375625     5.12695     0.842155     3636.3
0.711     0.375621     5.1269     0.842155     3703.48
0.712     0.375616     5.12685     0.842155     3772.02
0.713     0.375612     5.12681     0.842155     3841.95
0.714     0.375607     5.12677     0.842155     3913.32
0.715     0.375603     5.12674     0.842156     3986.17
0.716     0.375598     5.1267     0.842156     4060.54
0.717     0.375594     5.12667     0.842157     4136.49
0.718     0.375589     5.12665     0.842157     4214.06
0.719     0.375585     5.12662     0.842158     4293.32
0.72     0.375581     5.1266     0.842159     4374.33
0.721     0.375576     5.12658     0.842159     4457.17
0.722     0.375572     5.12656     0.84216     4541.9
0.723     0.375568     5.12655     0.842161     4628.61
0.724     0.375564     5.12654     0.842162     4717.42
0.725     0.37556     5.12653     0.842163     4808.41
0.726     0.375556     5.12652     0.842165     4901.72
0.727     0.375552     5.12652     0.842166     4997.5
0.728     0.375548     5.12652     0.842167     5095.9
0.729     0.375544     5.12652     0.842169     5197.11
0.73     0.37554     5.12652     0.84217     5301.37
0.731     0.375533     5.12652     0.842173     5407.72
0.732     0.375529     5.12653     0.842174     5510.51
0.733     0.375526     5.12654     0.842176     5615.36
0.734     0.375522     5.12655     0.842177     5722.31
0.735     0.375519     5.12656     0.842179     5831.4
0.736     0.375516     5.12657     0.842181     5942.7
0.737     0.375513     5.12659     0.842182     6056.23
0.738     0.37551     5.1266     0.842184     6172.06
0.739     0.375507     5.12662     0.842185     6290.24
0.74     0.375504     5.12664     0.842187     6410.81
0.741     0.375501     5.12666     0.842189     6533.85
0.742     0.375498     5.12668     0.84219     6659.4
0.743     0.375496     5.1267     0.842192     6787.52
0.744     0.375493     5.12673     0.842194     6918.29
0.745     0.375491     5.12675     0.842195     7051.77
0.746     0.375489     5.12677     0.842197     7188.04
0.747     0.375487     5.1268     0.842199     7327.16
0.748     0.375485     5.12683     0.8422     7469.23
0.749     0.375483     5.12685     0.842202     7614.33
0.75     0.375481     5.12688     0.842204     7762.56
0.751     0.375479     5.12691     0.842205     7914.01
0.752     0.375477     5.12693     0.842207     8068.8
0.753     0.375476     5.12696     0.842208     8227.04
0.754     0.375474     5.12699     0.84221     8388.87
0.755     0.375473     5.12702     0.842212     8554.43
0.756     0.375472     5.12705     0.842213     8723.89
0.757     0.375471     5.12708     0.842215     8897.41
0.758     0.37547     5.12711     0.842216     9075.21
0.759     0.375469     5.12714     0.842217     9257.5
0.76     0.375468     5.12717     0.842219     9444.53
0.761     0.375467     5.1272     0.84222     9636.61
0.762     0.375466     5.12723     0.842221     9834.08
0.763     0.375465     5.12726     0.842223     10037.3
0.764     0.375465     5.12729     0.842224     10246.8
0.765     0.375464     5.12732     0.842225     10463.1
0.766     0.375464     5.12735     0.842226     10686.8
0.767     0.375464     5.12738     0.842228     10918.9
0.768     0.375464     5.1274     0.842229     11160.3
0.769     0.375463     5.12743     0.84223     11412.3
0.77     0.375463     5.12746     0.842231     11676.6
0.771     0.375463     5.12749     0.842232     11955.6
0.772     0.375464     5.12752     0.842233     12252.4
0.773     0.375464     5.12755     0.842234     12571.8
0.774     0.375464     5.12758     0.842235     12921.2
0.775     0.375465     5.12761     0.842236     13313.9
0.776     0.375466     5.12764     0.842236     13777.4
0.777     0.375467     5.12768     0.842237     14395.5
0.778     0.375467     5.12768     31263.5     14395.5
0.779     0.375467     5.12768     28793     14395.5
0.78     0.375467     5.12768     28793     14395.5
0.781     0.375467     5.12768     28793     14395.5
0.782     0.375467     5.12768     28793     14395.5
0.783     0.375467     5.12768     28793     14395.5
0.784     0.375467     5.12768     28793     14395.5
0.785     0.375467     5.12768     28793     14395.5
0.786     0.375467     5.12768     28793     14395.5
